0.0986623
0.0987651
0.10352
0.103597
0.103597
0.103597
0.108634
0.113748
0.113748
0.118862
0.118888
0.118888
0.118888
0.124208
0.124337
0.129682
0.129682
0.129708
0.129811
0.135336
0.135465
0.135465
0.13549
0.141016
0.141016
0.14667
0.14667
0.14667
0.146696
0.146696
0.146824
0.152658
0.152684
0.152684
0.152684
0.158518
0.158518
0.158672
0.158672
0.158672
0.164814
0.164865
0.164865
0.164865
0.164865
0.170802
0.170802
0.170802
0.170802
0.170802
0.170802
0.177201
0.177201
0.183601
0.189923
0.189923
0.196656
0.196656
0.203184
0.203313
0.210097
0.216677
0.216677
0.223898
0.223924
0.230786
0.230812
0.230812
0.237956
0.237956
0.245152
0.245152
0.245178
0.245306
0.245306
0.245306
0.252785
0.252785
0.259904
0.259904
0.259904
0.259904
0.259904
0.259904
0.267537
0.267537
0.267537
0.275118
0.275118
0.275118
0.282777
0.282777
0.282777
0.282777
0.282777
0.28473
0.289588
0.289613
0.28969
0.28969
0.289896
0.289922
0.289922
0.289973
0.290024
0.29005
0.29005
0.290539
0.290539
0.290539
0.298351
0.298351
0.298351
0.298891
0.298917
0.306267
0.306267
0.306267
0.313977
0.314003
0.31426
0.31426
0.322329
0.322329
0.329114
0.329114
0.329885
0.329937
0.329937
0.329937
0.329988
0.329988
0.330476
0.330476
0.330476
0.338855
0.338855
0.344534
0.344534
0.344534
0.347001
0.347027
0.35538
0.35538
0.360263
0.360288
0.363681
0.363681
0.372136
0.372136
0.372136
0.372162
0.376299
0.376325
0.376325
0.376325
0.380951
0.380951
0.380951
0.391077
0.391103
0.391103
0.391103
0.392696
0.392696
0.39835
0.39835
0.409684
0.409684
0.409684
0.409684
0.415595
0.415595
0.41562
0.415646
0.416006
0.416032
0.416134
0.416134
0.41616
0.41616
0.416263
0.42495
0.42495
0.42495
0.426286
0.426286
0.426312
0.426312
0.433945
0.433945
0.43397
0.441295
0.441295
0.44132
0.44132
0.443017
0.443017
0.443017
0.443556
0.443556
0.443556
0.443556
0.45232
0.45232
0.45232
0.461315
0.461315
0.461315
0.461469
0.461469
0.461495
0.461958
0.462035
0.46206
0.466635
0.466635
0.470567
0.470567
0.470567
0.478919
0.478945
0.478945
0.478945
0.48005
0.48005
0.489225
0.489225
0.489225
0.493055
0.497064
0.497064
0.498631
0.498657
0.498657
0.507935
0.507935
0.507935
0.508886
0.508937
0.508937
0.508937
0.508937
0.515825
0.515825
0.517649
0.517649
0.519628
0.519654
0.51968
0.52721
0.52721
0.534123
0.536847
0.536847
0.536847
0.546536
0.546536
0.547975
0.547975
0.553064
0.557536
0.557536
0.557664
0.55769
0.557716
0.572288
0.572288
0.5764
0.576425
0.591768
0.591768
0.606083
0.606083
0.607214
0.607368
0.607394
0.60742
0.611532
0.611532
0.631526
0.631809
0.635124
0.63515
0.652189
0.652215
0.652215
0.656455
0.65774
0.657894
0.657894
0.65792
0.657946
0.665373
0.665373
0.672286
0.672286
0.672338
0.672595
0.693078
0.69336
0.693926
0.696264
0.69629
0.69629
0.696316
0.698166
0.698192
0.709397
0.709397
0.709526
0.709551
0.714794
0.71482
0.727747
0.735328
0.735585
0.736177
0.740186
0.740211
0.757559
0.759358
0.759358
0.759821
0.759846
0.759846
0.759898
0.76162
0.77925
0.782308
0.782334
0.792485
0.792485
0.801326
0.801326
0.814459
0.822863
0.822863
0.826461
0.826461
0.826461
0.826461
0.826486
0.845864
0.859511
0.859537
0.859537
0.859562
0.867581
0.867606
0.868249
0.868249
0.872592
0.872592
0.872592
0.872592
0.872592
0.872618
0.872618
0.872618
0.891173
0.891173
0.893872
0.893897
0.893923
0.913635
0.913635
0.916925
0.916925
0.921833
0.921859
0.929569
0.929569
0.93751
0.960949
0.960949
0.964213
0.964315
0.965138
0.975598
0.975623
1.00022
1.00024
1.0088
1.0088
1.0123
1.0123
1.0123
1.0123
1.01232
1.01232
1.01232
1.01232
1.01232
1.02934
1.03232
1.03234
1.03592
1.03594
1.05581
1.0565
1.06154
1.06154
1.07367
1.07367
1.0813
1.08135
1.08282
1.08284
1.08343
1.08346
1.10466
1.10466
1.10466
1.10469
1.10474
1.10477
1.10477
1.10479
1.10482
1.10536
1.10538
1.11124
1.11281
1.11284
1.11284
1.11284
1.11284
1.11284
1.11284
1.11284
1.11286
1.11289
1.13008
1.13635
1.13638
1.13728
1.13735
1.14915
1.14923
1.15539
1.15539
1.16403
1.17994
1.17994
1.18767
1.1877
1.19017
1.19019
1.19084
1.19089
1.19091
1.2051
1.20512
1.21618
1.22664
1.22666
1.23044
1.23046
1.23142
1.2316
1.23167
1.23167
1.23172
1.23178
1.23178
1.2318
1.23185
1.23188
1.23193
1.23201
1.23203
1.23206
1.24308
1.24311
1.24434
1.24434
1.25593
1.25593
1.25593
1.26601
1.26611
1.26927
1.29698
1.297
1.297
1.29703
1.29703
1.29708
1.30515
1.30517
1.32437
1.34681
1.34681
1.34874
1.34876
1.34879
1.34902
1.34904
1.36159
1.36179
1.36179
1.36179
1.36195
1.36197
1.37932
1.38705
1.38708
1.40006
1.40006
1.40011
1.40011
1.4005
1.40052
1.4006
1.40062
1.42974
1.42977
1.43262
1.43262
1.43265
1.45089
1.45089
1.45164
1.45164
1.45164
1.46989
1.46994
1.46994
1.4704
1.4704
1.4905
1.49445
1.49451
1.49453
1.49456
1.49466
1.49471
1.50142
1.50142
1.50145
1.50486
1.50512
1.50527
1.5125
1.51316
1.51571
1.51571
1.51571
1.51576
1.51576
1.51586
1.51586
1.5163
1.5164
1.51643
1.51645
1.51653
1.54675
1.54678
1.55028
1.5503
1.55038
1.55038
1.5504
1.5504
1.5504
1.55583
1.55583
1.59772
1.59774
1.59823
1.59828
1.59864
1.59864
1.59864
1.60628
1.60628
1.60628
1.62969
1.62971
1.62971
1.62977
1.641
1.64102
1.64542
1.64544
1.64547
1.64588
1.64591
1.64593
1.66541
1.66546
1.68456
1.68461
1.69204
1.69217
1.69219
1.69224
1.69224
1.69227
1.72221
1.72249
1.72259
1.72267
1.72668
1.7285
1.73719
1.73722
1.73722
1.7679
1.76808
1.76826
1.76837
1.77284
1.77405
1.78037
1.78037
1.78607
1.81753
1.81763
1.81766
1.81768
1.81771
1.81774
1.81774
1.81774
1.81774
1.81779
1.81781
1.8182
1.82372
1.82375
1.8238
1.82807
1.84629
1.86374
1.86374
1.86497
1.865
1.90306
1.90306
1.90306
1.90681
1.90727
1.9073
1.90743
1.90748
1.90907
1.90907
1.90974
1.94233
1.94793
1.94834
1.94837
1.94852
1.95472
1.95477
1.97276
1.98088
1.9809
1.9809
1.98694
1.98702
1.99972
1.99974
2.01673
2.01673
2.03775
2.04688
2.04842
2.04878
2.04904
2.05004
2.05009
2.07001
2.08329
2.08329
2.08334
2.0935
2.10216
2.11334
2.11339
2.13626
2.13642
2.13662
2.13937
2.13942
2.13942
2.1441
2.1441
2.15106
2.15106
2.15112
2.16451
2.18085
2.18113
2.18113
2.18124
2.18136
2.18144
2.18733
2.18733
2.18735
2.18735
2.18997
2.19005
2.19018
2.19031
2.22945
2.23161
2.23467
2.23467
2.23487
2.28327
2.28327
2.29794
2.32156
2.32166
2.32924
2.32927
2.33281
2.33294
2.33297
2.36345
2.36345
2.37825
2.37828
2.40593
2.42392
2.42395
2.42402
2.42402
2.42408
2.4241
2.4241
2.42415
2.42423
2.42431
2.42441
2.42441
2.42444
2.42446
2.42654
2.42657
2.43245
2.43842
2.47509
2.47509
2.47527
2.47709
2.47745
2.47748
2.47753
2.47756
2.47758
2.47761
2.47761
2.47763
2.47763
2.49329
2.50295
2.52382
2.52387
2.54548
2.56982
2.5727
2.57275
2.58329
2.61754
2.62281
2.62281
2.63962
2.65432
2.65432
2.67085
2.67103
2.67123
2.67126
2.67128
2.67131
2.67134
2.67134
2.7095
2.72065
2.72076
2.75707
2.75715
2.76144
2.76501
2.77128
2.77131
2.7812
2.82014
2.82014
2.82692
2.82697
2.8271
2.85062
2.8518
2.8518
2.8518
2.8518
2.85183
2.85183
2.85183
2.85183
2.85293
2.85293
2.85293
2.85296
2.85296
2.85301
2.8701
2.87012
2.87951
2.8978
2.89783
2.89793
2.89809
2.89811
2.8986
2.89906
2.92111
2.92114
2.92155
2.92155
2.92178
2.92181
2.92181
2.92325
2.9454
2.97043
2.97046
2.98308
2.98827
3.02086
3.02088
3.03525
3.03532
3.03653
3.03656
3.03874
3.03877
3.0684
3.10618
3.10633
3.13368
3.1747
3.17475
3.17541
3.17549
3.1757
3.19024
3.19035
3.21438
3.22579
3.22638
3.30867
3.3087
3.30975
3.30985
3.31026
3.3244
3.3244
3.34149
3.36182
3.42131
3.42139
3.43259
3.43262
3.43265
3.44318
3.44365
3.44439
3.44439
3.44462
3.4448
3.46377
3.51221
3.51941
3.564
3.5641
3.57405
3.57418
3.57513
3.57513
3.57533
3.5851
3.58518
3.61802
3.66114
3.68836
3.68852
3.68893
3.68913
3.70214
3.70376
3.70386
3.70463
3.70463
3.71738
3.8127
3.8127
3.8174
3.82876
3.82984
3.82987
3.83017
3.83017
3.8302
3.83035
3.83035
3.83035
3.83038
3.83041
3.83043
3.83043
3.83053
3.83056
3.83056
3.83061
3.88895
3.91604
3.94513
3.94881
3.94891
3.95382
3.95387
3.96546
4.01933
4.01938
4.01938
4.01938
4.01938
4.01938
4.01938
4.0194
4.0194
4.0194
4.0194
4.0194
4.0194
4.0194
4.01943
4.01948
4.01948
4.01953
4.01953
4.0421
4.0733
4.08008
4.08011
4.11904
4.12146
4.19231
4.19242
4.19766
4.20449
4.20493
4.2075
4.22207
4.27509
4.30586
4.32505
4.33618
4.33718
4.35111
4.41739
4.41742
4.42873
4.42891
4.46337
4.46352
4.46869
4.50817
4.52644
4.52657
4.52662
4.53325
4.58632
4.59673
4.5968
4.63145
4.6315
4.63816
4.66447
4.71508
4.7151
4.71664
4.71682
4.71685
4.72829
4.73003
4.73116
4.73127
4.74345
4.83034
4.83047
4.85126
4.86385
4.92355
4.92363
4.95542
4.97149
4.99474
5.00998
5.01004
5.06257
5.09813
5.09826
5.12019
5.13314
5.13332
5.16742
5.1685
5.1686
5.18428
5.18433
5.217
5.21779
5.25419
5.25452
5.2547
5.26354
5.26364
5.27143
5.27459
5.27472
5.27616
5.27629
5.27703
5.27706
5.27706
5.38233
5.38466
5.38469
5.38469
5.38469
5.40481
5.41029
5.41029
5.46577
5.466
5.46603
5.46624
5.476
5.476
5.49263
5.49278
5.52141
5.54174
5.59839
5.59859
5.60098
5.60106
5.60106
5.60106
5.67965
5.70381
5.70388
5.70409
5.70409
5.70504
5.70519
5.71031
5.71031
5.71036
5.80203
5.80203
5.80211
5.80211
5.80216
5.8174
5.81768
5.81817
5.81822
5.81825
5.81843
5.81905
5.81917
5.9139
5.92812
5.92819
5.92822
5.94382
5.94392
5.94413
5.94441
5.95682
6.03395
6.03403
6.03662
6.03665
6.03665
6.09645
6.14245
6.14253
6.14256
6.17463
6.17468
6.17478
6.1752
6.23652
6.25394
6.25404
6.2578
6.31251
6.34903
6.36571
6.37722
6.40547
6.40583
6.40727
6.47547
6.47555
6.51855
6.62538
6.62585
6.62644
6.66026
6.70246
6.80251
6.84319
6.84342
6.84442
6.84453
6.84471
6.90215
6.94468
7.052
7.05223
7.05295
7.05324
7.05367
7.05372
7.08793
7.09027
7.23298
7.25943
7.45428
7.4556
7.45596
7.46606
7.6511
7.65146
7.80797
7.83536
7.83544
7.84983
7.88607
7.88628
7.88702
7.88738
7.88743
7.95225
7.95225
8.01655
8.0167
8.01902
8.09663
8.09671
8.19136
8.19146
8.21084
8.24091
8.24094
8.35967
8.36003
8.3854
8.3854
8.51834
8.51844
8.53284
8.56213
8.57853
8.57856
8.58408
8.58475
8.61901
8.61929
8.61934
8.61939
8.61942
8.67468
8.6756
8.67596
8.81921
8.82266
8.82271
8.92546
8.95825
8.95827
8.9664
9.09587
9.09592
9.10471
9.10844
9.23013
9.23023
9.25228
9.27518
9.2777
9.34403
9.34408
9.35064
9.35092
9.351
9.3519
9.35205
9.39962
9.46724
9.46726
9.54056
9.54059
9.57898
9.57926
9.60617
9.60653
9.63516
9.67983
9.68006
9.68433
9.6844
9.83094
9.83097
9.93459
9.94521
9.97142
9.97145
10.0648
10.0649
10.0649
10.066
10.0662
10.1147
10.1147
10.162
10.246
10.2578
10.2578
10.4002
10.4004
10.5428
10.5588
10.6763
10.6765
10.6847
10.6849
10.7961
10.7961
10.7965
10.7966
10.7966
10.8237
10.8237
10.8507
10.9704
10.9705
11.1088
11.1088
11.1088
11.1089
11.148
11.1822
11.252
11.252
11.4902
11.4908
11.4908
11.4909
11.491
11.6681
11.6917
12.1529
12.1529
12.1536
12.1539
12.1954
12.203
12.6125
12.6136
12.614
12.6622
12.663
12.8739
12.8793
13.0631
13.0674
13.0779
13.2863
13.4684
13.5007
13.5017
13.5554
13.651
13.8307
13.9266
13.9301
13.9857
14.1449
14.1955
14.2923
14.3351
14.337
14.4257
14.5585
14.7304
14.7315
14.8414
15.1076
15.109
15.1092
15.4483
15.4754
15.4755
15.4761
15.8225
15.8242
16.0598
16.161
16.1612
16.1649
16.485
16.485
16.4868
16.6228
16.7963
16.7964
16.7965
16.7976
16.7981
17.0924
17.0925
17.0925
17.0952
17.0955
17.0966
17.0969
17.0969
17.0969
17.0971
17.1927
17.3759
17.376
17.3808
17.3809
17.381
17.381
17.3824
17.3826
17.648
17.6481
17.7191
17.9106
17.9106
17.9107
17.9113
17.9122
17.9122
18.1544
18.1545
18.1548
18.2497
18.3793
18.3793
18.3793
18.3793
18.3799
18.3799
18.603
18.6033
18.6035
18.7347
18.7484
18.7619
18.8239
18.8244
18.8247
18.8247
18.8247
19.0219
19.0222
19.0222
19.207
19.2073
19.2076
19.2282
19.2403
19.3925
19.5396
19.5398
19.6769
19.6898
20.1383
20.5494
20.9634
21.3398
21.7148
22.0653
22.0654
22.4048
22.4053
22.7141
22.7142
23.0283
23.3106
23.311
23.5759
23.8351
23.8361
24.0923
24.3108
24.311
24.5363
24.5366
24.7425
24.9303
24.9303
24.9303
25.1148
25.1152