9.866229999999999445e-02
9.876509999999999456e-02
1.035200000000000009e-01
1.035969999999999946e-01
1.035969999999999946e-01
1.035969999999999946e-01
1.086339999999999945e-01
1.137480000000000019e-01
1.137480000000000019e-01
1.188619999999999954e-01
1.188879999999999937e-01
1.188879999999999937e-01
1.188879999999999937e-01
1.242079999999999990e-01
1.243370000000000031e-01
1.296819999999999917e-01
1.296819999999999917e-01
1.297079999999999900e-01
1.298110000000000097e-01
1.353360000000000118e-01
1.354650000000000021e-01
1.354650000000000021e-01
1.354899999999999993e-01
1.410160000000000025e-01
1.410160000000000025e-01
1.466699999999999948e-01
1.466699999999999948e-01
1.466699999999999948e-01
1.466959999999999931e-01
1.466959999999999931e-01
1.468240000000000101e-01
1.526579999999999881e-01
1.526839999999999864e-01
1.526839999999999864e-01
1.526839999999999864e-01
1.585179999999999922e-01
1.585179999999999922e-01
1.586720000000000075e-01
1.586720000000000075e-01
1.586720000000000075e-01
1.648139999999999883e-01
1.648650000000000115e-01
1.648650000000000115e-01
1.648650000000000115e-01
1.648650000000000115e-01
1.708020000000000094e-01
1.708020000000000094e-01
1.708020000000000094e-01
1.708020000000000094e-01
1.708020000000000094e-01
1.708020000000000094e-01
1.772009999999999974e-01
1.772009999999999974e-01
1.836009999999999864e-01
1.899230000000000085e-01
1.899230000000000085e-01
1.966559999999999975e-01
1.966559999999999975e-01
2.031840000000000035e-01
2.033129999999999937e-01
2.100970000000000060e-01
2.166770000000000085e-01
2.166770000000000085e-01
2.238980000000000137e-01
2.239240000000000119e-01
2.307859999999999912e-01
2.308119999999999894e-01
2.308119999999999894e-01
2.379560000000000008e-01
2.379560000000000008e-01
2.451520000000000088e-01
2.451520000000000088e-01
2.451780000000000070e-01
2.453059999999999963e-01
2.453059999999999963e-01
2.453059999999999963e-01
2.527849999999999819e-01
2.527849999999999819e-01
2.599040000000000239e-01
2.599040000000000239e-01
2.599040000000000239e-01
2.599040000000000239e-01
2.599040000000000239e-01
2.599040000000000239e-01
2.675370000000000248e-01
2.675370000000000248e-01
2.675370000000000248e-01
2.751179999999999737e-01
2.751179999999999737e-01
2.751179999999999737e-01
2.827770000000000006e-01
2.827770000000000006e-01
2.827770000000000006e-01
2.827770000000000006e-01
2.827770000000000006e-01
2.847299999999999831e-01
2.895880000000000121e-01
2.896130000000000093e-01
2.896900000000000031e-01
2.896900000000000031e-01
2.898959999999999870e-01
2.899220000000000130e-01
2.899220000000000130e-01
2.899729999999999808e-01
2.900240000000000040e-01
2.900499999999999745e-01
2.900499999999999745e-01
2.905389999999999917e-01
2.905389999999999917e-01
2.905389999999999917e-01
2.983509999999999773e-01
2.983509999999999773e-01
2.983509999999999773e-01
2.988910000000000178e-01
2.989169999999999883e-01
3.062670000000000115e-01
3.062670000000000115e-01
3.062670000000000115e-01
3.139770000000000061e-01
3.140029999999999766e-01
3.142599999999999838e-01
3.142599999999999838e-01
3.223289999999999766e-01
3.223289999999999766e-01
3.291140000000000176e-01
3.291140000000000176e-01
3.298849999999999838e-01
3.299369999999999803e-01
3.299369999999999803e-01
3.299369999999999803e-01
3.299880000000000035e-01
3.299880000000000035e-01
3.304759999999999920e-01
3.304759999999999920e-01
3.304759999999999920e-01
3.388550000000000173e-01
3.388550000000000173e-01
3.445340000000000069e-01
3.445340000000000069e-01
3.445340000000000069e-01
3.470010000000000039e-01
3.470269999999999744e-01
3.553799999999999737e-01
3.553799999999999737e-01
3.602629999999999999e-01
3.602879999999999971e-01
3.636809999999999765e-01
3.636809999999999765e-01
3.721360000000000223e-01
3.721360000000000223e-01
3.721360000000000223e-01
3.721619999999999928e-01
3.762989999999999946e-01
3.763250000000000206e-01
3.763250000000000206e-01
3.763250000000000206e-01
3.809509999999999841e-01
3.809509999999999841e-01
3.809509999999999841e-01
3.910770000000000080e-01
3.911029999999999784e-01
3.911029999999999784e-01
3.911029999999999784e-01
3.926959999999999895e-01
3.926959999999999895e-01
3.983499999999999819e-01
3.983499999999999819e-01
4.096839999999999926e-01
4.096839999999999926e-01
4.096839999999999926e-01
4.096839999999999926e-01
4.155949999999999922e-01
4.155949999999999922e-01
4.156199999999999894e-01
4.156460000000000155e-01
4.160059999999999869e-01
4.160320000000000129e-01
4.161340000000000039e-01
4.161340000000000039e-01
4.161599999999999744e-01
4.161599999999999744e-01
4.162629999999999941e-01
4.249499999999999944e-01
4.249499999999999944e-01
4.249499999999999944e-01
4.262859999999999983e-01
4.262859999999999983e-01
4.263120000000000243e-01
4.263120000000000243e-01
4.339450000000000252e-01
4.339450000000000252e-01
4.339700000000000224e-01
4.412949999999999928e-01
4.412949999999999928e-01
4.413199999999999901e-01
4.413199999999999901e-01
4.430169999999999941e-01
4.430169999999999941e-01
4.430169999999999941e-01
4.435560000000000058e-01
4.435560000000000058e-01
4.435560000000000058e-01
4.435560000000000058e-01
4.523199999999999998e-01
4.523199999999999998e-01
4.523199999999999998e-01
4.613149999999999751e-01
4.613149999999999751e-01
4.613149999999999751e-01
4.614690000000000181e-01
4.614690000000000181e-01
4.614949999999999886e-01
4.619579999999999798e-01
4.620349999999999735e-01
4.620600000000000263e-01
4.666350000000000220e-01
4.666350000000000220e-01
4.705670000000000130e-01
4.705670000000000130e-01
4.705670000000000130e-01
4.789189999999999836e-01
4.789450000000000096e-01
4.789450000000000096e-01
4.789450000000000096e-01
4.800499999999999767e-01
4.800499999999999767e-01
4.892250000000000210e-01
4.892250000000000210e-01
4.892250000000000210e-01
4.930550000000000210e-01
4.970640000000000058e-01
4.970640000000000058e-01
4.986309999999999909e-01
4.986570000000000169e-01
4.986570000000000169e-01
5.079350000000000254e-01
5.079350000000000254e-01
5.079350000000000254e-01
5.088859999999999495e-01
5.089369999999999727e-01
5.089369999999999727e-01
5.089369999999999727e-01
5.089369999999999727e-01
5.158249999999999780e-01
5.158249999999999780e-01
5.176490000000000258e-01
5.176490000000000258e-01
5.196279999999999788e-01
5.196539999999999493e-01
5.196800000000000308e-01
5.272099999999999564e-01
5.272099999999999564e-01
5.341230000000000144e-01
5.368469999999999631e-01
5.368469999999999631e-01
5.368469999999999631e-01
5.465360000000000218e-01
5.465360000000000218e-01
5.479749999999999899e-01
5.479749999999999899e-01
5.530640000000000001e-01
5.575360000000000316e-01
5.575360000000000316e-01
5.576640000000000486e-01
5.576900000000000190e-01
5.577159999999999895e-01
5.722880000000000189e-01
5.722880000000000189e-01
5.764000000000000234e-01
5.764249999999999652e-01
5.917679999999999607e-01
5.917679999999999607e-01
6.060830000000000384e-01
6.060830000000000384e-01
6.072140000000000315e-01
6.073680000000000190e-01
6.073939999999999895e-01
6.074199999999999600e-01
6.115319999999999645e-01
6.115319999999999645e-01
6.315260000000000318e-01
6.318089999999999540e-01
6.351240000000000219e-01
6.351499999999999924e-01
6.521890000000000187e-01
6.522149999999999892e-01
6.522149999999999892e-01
6.564550000000000107e-01
6.577399999999999913e-01
6.578939999999999788e-01
6.578939999999999788e-01
6.579199999999999493e-01
6.579460000000000308e-01
6.653729999999999922e-01
6.653729999999999922e-01
6.722860000000000502e-01
6.722860000000000502e-01
6.723379999999999912e-01
6.725950000000000539e-01
6.930779999999999719e-01
6.933599999999999763e-01
6.939260000000000428e-01
6.962639999999999940e-01
6.962899999999999645e-01
6.962899999999999645e-01
6.963160000000000460e-01
6.981659999999999533e-01
6.981920000000000348e-01
7.093970000000000553e-01
7.093970000000000553e-01
7.095259999999999900e-01
7.095510000000000428e-01
7.147940000000000405e-01
7.148200000000000109e-01
7.277470000000000327e-01
7.353279999999999816e-01
7.355850000000000444e-01
7.361769999999999703e-01
7.401860000000000106e-01
7.402109999999999523e-01
7.575589999999999824e-01
7.593579999999999774e-01
7.593579999999999774e-01
7.598209999999999686e-01
7.598460000000000214e-01
7.598460000000000214e-01
7.598979999999999624e-01
7.616199999999999637e-01
7.792499999999999982e-01
7.823080000000000034e-01
7.823339999999999739e-01
7.924849999999999950e-01
7.924849999999999950e-01
8.013259999999999827e-01
8.013259999999999827e-01
8.144590000000000440e-01
8.228630000000000111e-01
8.228630000000000111e-01
8.264610000000000012e-01
8.264610000000000012e-01
8.264610000000000012e-01
8.264610000000000012e-01
8.264860000000000539e-01
8.458639999999999493e-01
8.595110000000000250e-01
8.595369999999999955e-01
8.595369999999999955e-01
8.595620000000000482e-01
8.675810000000000466e-01
8.676059999999999883e-01
8.682490000000000485e-01
8.682490000000000485e-01
8.725920000000000343e-01
8.725920000000000343e-01
8.725920000000000343e-01
8.725920000000000343e-01
8.725920000000000343e-01
8.726180000000000048e-01
8.726180000000000048e-01
8.726180000000000048e-01
8.911729999999999929e-01
8.911729999999999929e-01
8.938719999999999999e-01
8.938970000000000526e-01
8.939230000000000231e-01
9.136349999999999749e-01
9.136349999999999749e-01
9.169249999999999901e-01
9.169249999999999901e-01
9.218330000000000135e-01
9.218589999999999840e-01
9.295689999999999786e-01
9.295689999999999786e-01
9.375099999999999545e-01
9.609490000000000531e-01
9.609490000000000531e-01
9.642129999999999868e-01
9.643150000000000333e-01
9.651380000000000514e-01
9.755979999999999652e-01
9.756230000000000180e-01
1.000220000000000109e+00
1.000240000000000018e+00
1.008799999999999919e+00
1.008799999999999919e+00
1.012299999999999978e+00
1.012299999999999978e+00
1.012299999999999978e+00
1.012299999999999978e+00
1.012320000000000109e+00
1.012320000000000109e+00
1.012320000000000109e+00
1.012320000000000109e+00
1.012320000000000109e+00
1.029339999999999922e+00
1.032319999999999904e+00
1.032340000000000035e+00
1.035919999999999952e+00
1.035940000000000083e+00
1.055809999999999915e+00
1.056499999999999995e+00
1.061539999999999928e+00
1.061539999999999928e+00
1.073669999999999902e+00
1.073669999999999902e+00
1.081299999999999928e+00
1.081350000000000033e+00
1.082819999999999894e+00
1.082840000000000025e+00
1.083429999999999893e+00
1.083460000000000090e+00
1.104659999999999975e+00
1.104659999999999975e+00
1.104659999999999975e+00
1.104689999999999950e+00
1.104740000000000055e+00
1.104770000000000030e+00
1.104770000000000030e+00
1.104789999999999939e+00
1.104819999999999913e+00
1.105359999999999898e+00
1.105380000000000029e+00
1.111240000000000006e+00
1.112810000000000077e+00
1.112840000000000051e+00
1.112840000000000051e+00
1.112840000000000051e+00
1.112840000000000051e+00
1.112840000000000051e+00
1.112840000000000051e+00
1.112840000000000051e+00
1.112859999999999960e+00
1.112889999999999935e+00
1.130079999999999973e+00
1.136349999999999971e+00
1.136379999999999946e+00
1.137280000000000069e+00
1.137350000000000083e+00
1.149149999999999894e+00
1.149229999999999974e+00
1.155389999999999917e+00
1.155389999999999917e+00
1.164029999999999898e+00
1.179939999999999989e+00
1.179939999999999989e+00
1.187670000000000003e+00
1.187699999999999978e+00
1.190169999999999950e+00
1.190190000000000081e+00
1.190839999999999899e+00
1.190890000000000004e+00
1.190909999999999913e+00
1.205100000000000060e+00
1.205119999999999969e+00
1.216180000000000039e+00
1.226639999999999953e+00
1.226660000000000084e+00
1.230439999999999978e+00
1.230460000000000109e+00
1.231419999999999959e+00
1.231600000000000028e+00
1.231670000000000043e+00
1.231670000000000043e+00
1.231719999999999926e+00
1.231780000000000097e+00
1.231780000000000097e+00
1.231800000000000006e+00
1.231849999999999890e+00
1.231880000000000086e+00
1.231929999999999970e+00
1.232010000000000050e+00
1.232029999999999959e+00
1.232059999999999933e+00
1.243079999999999963e+00
1.243109999999999937e+00
1.244340000000000002e+00
1.244340000000000002e+00
1.255929999999999991e+00
1.255929999999999991e+00
1.255929999999999991e+00
1.266010000000000080e+00
1.266110000000000069e+00
1.269269999999999898e+00
1.296980000000000022e+00
1.296999999999999931e+00
1.296999999999999931e+00
1.297029999999999905e+00
1.297029999999999905e+00
1.297080000000000011e+00
1.305150000000000032e+00
1.305169999999999941e+00
1.324370000000000047e+00
1.346810000000000063e+00
1.346810000000000063e+00
1.348740000000000050e+00
1.348759999999999959e+00
1.348789999999999933e+00
1.349020000000000108e+00
1.349040000000000017e+00
1.361590000000000078e+00
1.361790000000000056e+00
1.361790000000000056e+00
1.361790000000000056e+00
1.361949999999999994e+00
1.361969999999999903e+00
1.379320000000000102e+00
1.387049999999999894e+00
1.387080000000000091e+00
1.400060000000000082e+00
1.400060000000000082e+00
1.400109999999999966e+00
1.400109999999999966e+00
1.400500000000000078e+00
1.400519999999999987e+00
1.400600000000000067e+00
1.400619999999999976e+00
1.429740000000000011e+00
1.429769999999999985e+00
1.432620000000000005e+00
1.432620000000000005e+00
1.432649999999999979e+00
1.450890000000000013e+00
1.450890000000000013e+00
1.451640000000000041e+00
1.451640000000000041e+00
1.451640000000000041e+00
1.469889999999999919e+00
1.469940000000000024e+00
1.469940000000000024e+00
1.470399999999999929e+00
1.470399999999999929e+00
1.490499999999999936e+00
1.494450000000000056e+00
1.494510000000000005e+00
1.494529999999999914e+00
1.494560000000000111e+00
1.494660000000000100e+00
1.494709999999999983e+00
1.501419999999999977e+00
1.501419999999999977e+00
1.501449999999999951e+00
1.504860000000000086e+00
1.505120000000000013e+00
1.505270000000000108e+00
1.512499999999999956e+00
1.513160000000000061e+00
1.515709999999999891e+00
1.515709999999999891e+00
1.515709999999999891e+00
1.515759999999999996e+00
1.515759999999999996e+00
1.515859999999999985e+00
1.515859999999999985e+00
1.516299999999999981e+00
1.516399999999999970e+00
1.516429999999999945e+00
1.516450000000000076e+00
1.516529999999999934e+00
1.546750000000000069e+00
1.546780000000000044e+00
1.550280000000000102e+00
1.550300000000000011e+00
1.550380000000000091e+00
1.550380000000000091e+00
1.550400000000000000e+00
1.550400000000000000e+00
1.550400000000000000e+00
1.555830000000000046e+00
1.555830000000000046e+00
1.597720000000000029e+00
1.597739999999999938e+00
1.598230000000000040e+00
1.598279999999999923e+00
1.598640000000000061e+00
1.598640000000000061e+00
1.598640000000000061e+00
1.606279999999999930e+00
1.606279999999999930e+00
1.606279999999999930e+00
1.629690000000000083e+00
1.629709999999999992e+00
1.629709999999999992e+00
1.629769999999999941e+00
1.641000000000000014e+00
1.641019999999999923e+00
1.645420000000000105e+00
1.645440000000000014e+00
1.645469999999999988e+00
1.645880000000000010e+00
1.645909999999999984e+00
1.645929999999999893e+00
1.665410000000000057e+00
1.665459999999999940e+00
1.684560000000000057e+00
1.684609999999999941e+00
1.692039999999999988e+00
1.692169999999999952e+00
1.692190000000000083e+00
1.692239999999999966e+00
1.692239999999999966e+00
1.692269999999999941e+00
1.722210000000000019e+00
1.722490000000000077e+00
1.722590000000000066e+00
1.722669999999999924e+00
1.726679999999999993e+00
1.728499999999999925e+00
1.737190000000000012e+00
1.737219999999999986e+00
1.737219999999999986e+00
1.767900000000000027e+00
1.768080000000000096e+00
1.768259999999999943e+00
1.768369999999999997e+00
1.772839999999999971e+00
1.774049999999999905e+00
1.780370000000000008e+00
1.780370000000000008e+00
1.786070000000000046e+00
1.817530000000000090e+00
1.817630000000000079e+00
1.817660000000000053e+00
1.817679999999999962e+00
1.817709999999999937e+00
1.817739999999999911e+00
1.817739999999999911e+00
1.817739999999999911e+00
1.817739999999999911e+00
1.817790000000000017e+00
1.817809999999999926e+00
1.818200000000000038e+00
1.823720000000000008e+00
1.823749999999999982e+00
1.823800000000000088e+00
1.828070000000000084e+00
1.846289999999999987e+00
1.863739999999999952e+00
1.863739999999999952e+00
1.864970000000000017e+00
1.864999999999999991e+00
1.903059999999999974e+00
1.903059999999999974e+00
1.903059999999999974e+00
1.906809999999999894e+00
1.907270000000000021e+00
1.907299999999999995e+00
1.907429999999999959e+00
1.907480000000000064e+00
1.909070000000000045e+00
1.909070000000000045e+00
1.909739999999999993e+00
1.942329999999999890e+00
1.947929999999999939e+00
1.948339999999999961e+00
1.948369999999999935e+00
1.948520000000000030e+00
1.954720000000000013e+00
1.954769999999999897e+00
1.972760000000000069e+00
1.980879999999999974e+00
1.980900000000000105e+00
1.980900000000000105e+00
1.986939999999999928e+00
1.987020000000000008e+00
1.999719999999999942e+00
1.999740000000000073e+00
2.016729999999999912e+00
2.016729999999999912e+00
2.037749999999999950e+00
2.046879999999999811e+00
2.048420000000000130e+00
2.048779999999999824e+00
2.049040000000000195e+00
2.050040000000000084e+00
2.050089999999999968e+00
2.070009999999999906e+00
2.083289999999999864e+00
2.083289999999999864e+00
2.083340000000000192e+00
2.093500000000000139e+00
2.102160000000000029e+00
2.113339999999999996e+00
2.113389999999999880e+00
2.136260000000000048e+00
2.136420000000000208e+00
2.136620000000000186e+00
2.139369999999999994e+00
2.139419999999999877e+00
2.139419999999999877e+00
2.144099999999999895e+00
2.144099999999999895e+00
2.151060000000000194e+00
2.151060000000000194e+00
2.151120000000000143e+00
2.164509999999999934e+00
2.180849999999999955e+00
2.181130000000000013e+00
2.181130000000000013e+00
2.181239999999999846e+00
2.181360000000000188e+00
2.181439999999999824e+00
2.187330000000000219e+00
2.187330000000000219e+00
2.187349999999999905e+00
2.187349999999999905e+00
2.189970000000000194e+00
2.190049999999999830e+00
2.190179999999999794e+00
2.190310000000000201e+00
2.229449999999999932e+00
2.231609999999999872e+00
2.234669999999999934e+00
2.234669999999999934e+00
2.234869999999999912e+00
2.283269999999999911e+00
2.283269999999999911e+00
2.297940000000000094e+00
2.321559999999999846e+00
2.321660000000000057e+00
2.329239999999999977e+00
2.329270000000000174e+00
2.332809999999999828e+00
2.332939999999999792e+00
2.332969999999999988e+00
2.363449999999999829e+00
2.363449999999999829e+00
2.378249999999999975e+00
2.378280000000000172e+00
2.405930000000000124e+00
2.423919999999999852e+00
2.423950000000000049e+00
2.424020000000000064e+00
2.424020000000000064e+00
2.424080000000000013e+00
2.424100000000000144e+00
2.424100000000000144e+00
2.424150000000000027e+00
2.424230000000000107e+00
2.424310000000000187e+00
2.424409999999999954e+00
2.424409999999999954e+00
2.424440000000000150e+00
2.424459999999999837e+00
2.426540000000000141e+00
2.426569999999999894e+00
2.432449999999999779e+00
2.438419999999999810e+00
2.475089999999999790e+00
2.475089999999999790e+00
2.475270000000000081e+00
2.477090000000000014e+00
2.477450000000000152e+00
2.477479999999999905e+00
2.477529999999999788e+00
2.477559999999999985e+00
2.477580000000000116e+00
2.477609999999999868e+00
2.477609999999999868e+00
2.477629999999999999e+00
2.477629999999999999e+00
2.493290000000000006e+00
2.502949999999999786e+00
2.523820000000000174e+00
2.523870000000000058e+00
2.545479999999999965e+00
2.569819999999999993e+00
2.572700000000000209e+00
2.572750000000000092e+00
2.583289999999999864e+00
2.617539999999999978e+00
2.622809999999999864e+00
2.622809999999999864e+00
2.639619999999999855e+00
2.654319999999999791e+00
2.654319999999999791e+00
2.670850000000000168e+00
2.671030000000000015e+00
2.671229999999999993e+00
2.671260000000000190e+00
2.671279999999999877e+00
2.671310000000000073e+00
2.671339999999999826e+00
2.671339999999999826e+00
2.709499999999999797e+00
2.720650000000000013e+00
2.720759999999999845e+00
2.757070000000000132e+00
2.757150000000000212e+00
2.761439999999999895e+00
2.765010000000000190e+00
2.771279999999999966e+00
2.771310000000000162e+00
2.781200000000000117e+00
2.820139999999999869e+00
2.820139999999999869e+00
2.826919999999999877e+00
2.826970000000000205e+00
2.827100000000000168e+00
2.850620000000000154e+00
2.851799999999999891e+00
2.851799999999999891e+00
2.851799999999999891e+00
2.851799999999999891e+00
2.851830000000000087e+00
2.851830000000000087e+00
2.851830000000000087e+00
2.851830000000000087e+00
2.852930000000000188e+00
2.852930000000000188e+00
2.852930000000000188e+00
2.852959999999999940e+00
2.852959999999999940e+00
2.853009999999999824e+00
2.870099999999999874e+00
2.870120000000000005e+00
2.879509999999999792e+00
2.897800000000000153e+00
2.897829999999999906e+00
2.897930000000000117e+00
2.898089999999999833e+00
2.898109999999999964e+00
2.898600000000000065e+00
2.899059999999999970e+00
2.921110000000000095e+00
2.921139999999999848e+00
2.921549999999999869e+00
2.921549999999999869e+00
2.921780000000000044e+00
2.921809999999999796e+00
2.921809999999999796e+00
2.923249999999999904e+00
2.945399999999999796e+00
2.970429999999999904e+00
2.970460000000000100e+00
2.983080000000000176e+00
2.988269999999999982e+00
3.020859999999999879e+00
3.020880000000000010e+00
3.035250000000000004e+00
3.035320000000000018e+00
3.036529999999999951e+00
3.036560000000000148e+00
3.038740000000000219e+00
3.038769999999999971e+00
3.068400000000000016e+00
3.106180000000000163e+00
3.106329999999999814e+00
3.133680000000000021e+00
3.174700000000000077e+00
3.174749999999999961e+00
3.175409999999999844e+00
3.175489999999999924e+00
3.175699999999999967e+00
3.190240000000000187e+00
3.190350000000000019e+00
3.214379999999999793e+00
3.225789999999999935e+00
3.226379999999999804e+00
3.308670000000000222e+00
3.308699999999999974e+00
3.309750000000000192e+00
3.309849999999999959e+00
3.310259999999999980e+00
3.324399999999999800e+00
3.324399999999999800e+00
3.341489999999999849e+00
3.361819999999999808e+00
3.421310000000000073e+00
3.421390000000000153e+00
3.432589999999999808e+00
3.432620000000000005e+00
3.432650000000000201e+00
3.443179999999999907e+00
3.443649999999999878e+00
3.444389999999999841e+00
3.444389999999999841e+00
3.444620000000000015e+00
3.444799999999999862e+00
3.463769999999999794e+00
3.512210000000000054e+00
3.519410000000000149e+00
3.564000000000000057e+00
3.564099999999999824e+00
3.574050000000000171e+00
3.574180000000000135e+00
3.575130000000000141e+00
3.575130000000000141e+00
3.575330000000000119e+00
3.585100000000000176e+00
3.585179999999999811e+00
3.618020000000000014e+00
3.661140000000000061e+00
3.688359999999999861e+00
3.688520000000000021e+00
3.688930000000000042e+00
3.689130000000000020e+00
3.702139999999999986e+00
3.703759999999999941e+00
3.703860000000000152e+00
3.704629999999999868e+00
3.704629999999999868e+00
3.717379999999999907e+00
3.812699999999999978e+00
3.812699999999999978e+00
3.817400000000000126e+00
3.828759999999999941e+00
3.829839999999999911e+00
3.829870000000000108e+00
3.830169999999999852e+00
3.830169999999999852e+00
3.830200000000000049e+00
3.830350000000000144e+00
3.830350000000000144e+00
3.830350000000000144e+00
3.830379999999999896e+00
3.830410000000000093e+00
3.830429999999999779e+00
3.830429999999999779e+00
3.830529999999999990e+00
3.830560000000000187e+00
3.830560000000000187e+00
3.830610000000000070e+00
3.888949999999999907e+00
3.916040000000000187e+00
3.945129999999999804e+00
3.948809999999999931e+00
3.948910000000000142e+00
3.953819999999999890e+00
3.953870000000000218e+00
3.965460000000000207e+00
4.019330000000000069e+00
4.019379999999999953e+00
4.019379999999999953e+00
4.019379999999999953e+00
4.019379999999999953e+00
4.019379999999999953e+00
4.019379999999999953e+00
4.019400000000000084e+00
4.019400000000000084e+00
4.019400000000000084e+00
4.019400000000000084e+00
4.019400000000000084e+00
4.019400000000000084e+00
4.019400000000000084e+00
4.019429999999999836e+00
4.019479999999999720e+00
4.019479999999999720e+00
4.019529999999999603e+00
4.019529999999999603e+00
4.042099999999999582e+00
4.073299999999999699e+00
4.080079999999999707e+00
4.080110000000000348e+00
4.119040000000000035e+00
4.121459999999999901e+00
4.192309999999999981e+00
4.192420000000000258e+00
4.197659999999999947e+00
4.204489999999999839e+00
4.204930000000000057e+00
4.207499999999999574e+00
4.222070000000000434e+00
4.275089999999999613e+00
4.305860000000000021e+00
4.325050000000000061e+00
4.336179999999999701e+00
4.337180000000000035e+00
4.351110000000000255e+00
4.417390000000000150e+00
4.417419999999999902e+00
4.428729999999999833e+00
4.428910000000000124e+00
4.463370000000000282e+00
4.463519999999999932e+00
4.468689999999999607e+00
4.508169999999999789e+00
4.526440000000000019e+00
4.526570000000000427e+00
4.526620000000000310e+00
4.533249999999999780e+00
4.586319999999999730e+00
4.596729999999999983e+00
4.596799999999999997e+00
4.631450000000000067e+00
4.631499999999999950e+00
4.638160000000000061e+00
4.664469999999999672e+00
4.715080000000000382e+00
4.715099999999999625e+00
4.716639999999999944e+00
4.716820000000000235e+00
4.716849999999999987e+00
4.728290000000000326e+00
4.730030000000000179e+00
4.731160000000000032e+00
4.731270000000000309e+00
4.743450000000000166e+00
4.830339999999999634e+00
4.830470000000000041e+00
4.851259999999999906e+00
4.863850000000000229e+00
4.923549999999999649e+00
4.923630000000000173e+00
4.955420000000000158e+00
4.971490000000000187e+00
4.994740000000000180e+00
5.009979999999999656e+00
5.010040000000000049e+00
5.062570000000000014e+00
5.098130000000000273e+00
5.098259999999999792e+00
5.120190000000000019e+00
5.133140000000000036e+00
5.133320000000000327e+00
5.167419999999999902e+00
5.168499999999999872e+00
5.168599999999999639e+00
5.184280000000000221e+00
5.184330000000000105e+00
5.216999999999999638e+00
5.217789999999999928e+00
5.254190000000000360e+00
5.254520000000000302e+00
5.254699999999999704e+00
5.263539999999999885e+00
5.263639999999999652e+00
5.271429999999999616e+00
5.274589999999999890e+00
5.274720000000000297e+00
5.276159999999999961e+00
5.276290000000000369e+00
5.277029999999999887e+00
5.277059999999999640e+00
5.277059999999999640e+00
5.382329999999999615e+00
5.384660000000000224e+00
5.384689999999999976e+00
5.384689999999999976e+00
5.384689999999999976e+00
5.404810000000000336e+00
5.410289999999999822e+00
5.410289999999999822e+00
5.465770000000000017e+00
5.466000000000000192e+00
5.466029999999999944e+00
5.466239999999999988e+00
5.475999999999999979e+00
5.475999999999999979e+00
5.492630000000000123e+00
5.492779999999999774e+00
5.521410000000000373e+00
5.541739999999999888e+00
5.598390000000000200e+00
5.598589999999999733e+00
5.600979999999999848e+00
5.601060000000000372e+00
5.601060000000000372e+00
5.601060000000000372e+00
5.679649999999999643e+00
5.703809999999999825e+00
5.703879999999999839e+00
5.704089999999999883e+00
5.704089999999999883e+00
5.705040000000000333e+00
5.705189999999999984e+00
5.710309999999999775e+00
5.710309999999999775e+00
5.710359999999999658e+00
5.802030000000000243e+00
5.802030000000000243e+00
5.802109999999999879e+00
5.802109999999999879e+00
5.802159999999999762e+00
5.817400000000000126e+00
5.817680000000000184e+00
5.818170000000000286e+00
5.818220000000000169e+00
5.818249999999999922e+00
5.818430000000000213e+00
5.819049999999999834e+00
5.819169999999999732e+00
5.913899999999999935e+00
5.928119999999999834e+00
5.928189999999999849e+00
5.928219999999999601e+00
5.943819999999999659e+00
5.943920000000000314e+00
5.944130000000000358e+00
5.944410000000000416e+00
5.956819999999999560e+00
6.033949999999999925e+00
6.034029999999999561e+00
6.036620000000000097e+00
6.036649999999999849e+00
6.036649999999999849e+00
6.096449999999999925e+00
6.142450000000000188e+00
6.142529999999999824e+00
6.142559999999999576e+00
6.174629999999999619e+00
6.174680000000000391e+00
6.174780000000000157e+00
6.175200000000000244e+00
6.236519999999999619e+00
6.253940000000000055e+00
6.254039999999999822e+00
6.257799999999999585e+00
6.312509999999999621e+00
6.349029999999999951e+00
6.365709999999999980e+00
6.377220000000000333e+00
6.405470000000000219e+00
6.405829999999999913e+00
6.407269999999999577e+00
6.475469999999999615e+00
6.475550000000000139e+00
6.518550000000000288e+00
6.625379999999999825e+00
6.625849999999999795e+00
6.626439999999999664e+00
6.660260000000000069e+00
6.702460000000000306e+00
6.802509999999999835e+00
6.843189999999999884e+00
6.843420000000000059e+00
6.844420000000000393e+00
6.844529999999999781e+00
6.844710000000000072e+00
6.902149999999999785e+00
6.944679999999999964e+00
7.051999999999999602e+00
7.052229999999999777e+00
7.052950000000000053e+00
7.053239999999999732e+00
7.053670000000000329e+00
7.053720000000000212e+00
7.087930000000000064e+00
7.090270000000000294e+00
7.232980000000000409e+00
7.259430000000000049e+00
7.454279999999999795e+00
7.455599999999999561e+00
7.455960000000000143e+00
7.466059999999999697e+00
7.651099999999999568e+00
7.651460000000000150e+00
7.807970000000000077e+00
7.835359999999999658e+00
7.835440000000000182e+00
7.849829999999999863e+00
7.886070000000000135e+00
7.886280000000000179e+00
7.887019999999999698e+00
7.887380000000000280e+00
7.887430000000000163e+00
7.952250000000000263e+00
7.952250000000000263e+00
8.016550000000000509e+00
8.016700000000000159e+00
8.019019999999999371e+00
8.096629999999999328e+00
8.096709999999999852e+00
8.191359999999999530e+00
8.191459999999999297e+00
8.210839999999999250e+00
8.240909999999999513e+00
8.240940000000000154e+00
8.359669999999999490e+00
8.360030000000000072e+00
8.385400000000000631e+00
8.385400000000000631e+00
8.518340000000000245e+00
8.518440000000000012e+00
8.532840000000000202e+00
8.562129999999999797e+00
8.578530000000000655e+00
8.578559999999999519e+00
8.584080000000000155e+00
8.584749999999999659e+00
8.619009999999999394e+00
8.619289999999999452e+00
8.619339999999999336e+00
8.619389999999999219e+00
8.619419999999999860e+00
8.674680000000000391e+00
8.675599999999999312e+00
8.675959999999999894e+00
8.819209999999999994e+00
8.822660000000000835e+00
8.822710000000000719e+00
8.925459999999999283e+00
8.958249999999999602e+00
8.958270000000000621e+00
8.966400000000000148e+00
9.095869999999999678e+00
9.095919999999999561e+00
9.104710000000000747e+00
9.108439999999999870e+00
9.230130000000000834e+00
9.230230000000000601e+00
9.252280000000000726e+00
9.275180000000000646e+00
9.277699999999999392e+00
9.344030000000000058e+00
9.344079999999999941e+00
9.350640000000000285e+00
9.350920000000000343e+00
9.351000000000000867e+00
9.351900000000000546e+00
9.352050000000000196e+00
9.399620000000000530e+00
9.467240000000000322e+00
9.467259999999999565e+00
9.540559999999999263e+00
9.540589999999999904e+00
9.578979999999999606e+00
9.579259999999999664e+00
9.606170000000000542e+00
9.606529999999999347e+00
9.635160000000000835e+00
9.679830000000000823e+00
9.680059999999999221e+00
9.684329999999999217e+00
9.684400000000000119e+00
9.830940000000000012e+00
9.830970000000000653e+00
9.934590000000000032e+00
9.945209999999999440e+00
9.971420000000000172e+00
9.971450000000000813e+00
1.006479999999999997e+01
1.006489999999999974e+01
1.006489999999999974e+01
1.006600000000000072e+01
1.006620000000000026e+01
1.011469999999999914e+01
1.011469999999999914e+01
1.016200000000000081e+01
1.024600000000000044e+01
1.025779999999999959e+01
1.025779999999999959e+01
1.040019999999999989e+01
1.040039999999999942e+01
1.054279999999999973e+01
1.055879999999999974e+01
1.067629999999999946e+01
1.067650000000000077e+01
1.068469999999999942e+01
1.068490000000000073e+01
1.079609999999999914e+01
1.079609999999999914e+01
1.079649999999999999e+01
1.079659999999999975e+01
1.079659999999999975e+01
1.082370000000000054e+01
1.082370000000000054e+01
1.085069999999999979e+01
1.097039999999999971e+01
1.097049999999999947e+01
1.110880000000000045e+01
1.110880000000000045e+01
1.110880000000000045e+01
1.110890000000000022e+01
1.114799999999999969e+01
1.118219999999999992e+01
1.125200000000000067e+01
1.125200000000000067e+01
1.149019999999999975e+01
1.149080000000000013e+01
1.149080000000000013e+01
1.149089999999999989e+01
1.149099999999999966e+01
1.166810000000000080e+01
1.169170000000000087e+01
1.215290000000000070e+01
1.215290000000000070e+01
1.215360000000000085e+01
1.215390000000000015e+01
1.219539999999999935e+01
1.220299999999999940e+01
1.261250000000000071e+01
1.261359999999999992e+01
1.261400000000000077e+01
1.266220000000000034e+01
1.266300000000000026e+01
1.287390000000000079e+01
1.287930000000000064e+01
1.306310000000000038e+01
1.306739999999999924e+01
1.307789999999999964e+01
1.328630000000000067e+01
1.346840000000000082e+01
1.350070000000000014e+01
1.350169999999999959e+01
1.355540000000000056e+01
1.365099999999999980e+01
1.383070000000000022e+01
1.392660000000000053e+01
1.393009999999999948e+01
1.398569999999999958e+01
1.414489999999999981e+01
1.419549999999999912e+01
1.429229999999999912e+01
1.433510000000000062e+01
1.433699999999999974e+01
1.442570000000000086e+01
1.455850000000000044e+01
1.473039999999999949e+01
1.473150000000000048e+01
1.484140000000000015e+01
1.510759999999999970e+01
1.510899999999999999e+01
1.510919999999999952e+01
1.544829999999999970e+01
1.547540000000000049e+01
1.547550000000000026e+01
1.547610000000000063e+01
1.582249999999999979e+01
1.582419999999999938e+01
1.605979999999999919e+01
1.616100000000000136e+01
1.616120000000000090e+01
1.616489999999999938e+01
1.648499999999999943e+01
1.648499999999999943e+01
1.648679999999999879e+01
1.662280000000000157e+01
1.679629999999999868e+01
1.679639999999999844e+01
1.679650000000000176e+01
1.679759999999999920e+01
1.679810000000000159e+01
1.709240000000000137e+01
1.709250000000000114e+01
1.709250000000000114e+01
1.709519999999999840e+01
1.709550000000000125e+01
1.709659999999999869e+01
1.709690000000000154e+01
1.709690000000000154e+01
1.709690000000000154e+01
1.709710000000000107e+01
1.719269999999999854e+01
1.737590000000000146e+01
1.737600000000000122e+01
1.738080000000000069e+01
1.738090000000000046e+01
1.738100000000000023e+01
1.738100000000000023e+01
1.738240000000000052e+01
1.738260000000000005e+01
1.764799999999999969e+01
1.764809999999999945e+01
1.771910000000000096e+01
1.791059999999999874e+01
1.791059999999999874e+01
1.791069999999999851e+01
1.791130000000000067e+01
1.791219999999999857e+01
1.791219999999999857e+01
1.815439999999999898e+01
1.815449999999999875e+01
1.815480000000000160e+01
1.824970000000000070e+01
1.837930000000000064e+01
1.837930000000000064e+01
1.837930000000000064e+01
1.837930000000000064e+01
1.837989999999999924e+01
1.837989999999999924e+01
1.860300000000000153e+01
1.860330000000000084e+01
1.860350000000000037e+01
1.873470000000000013e+01
1.874840000000000018e+01
1.876190000000000069e+01
1.882389999999999830e+01
1.882440000000000069e+01
1.882469999999999999e+01
1.882469999999999999e+01
1.882469999999999999e+01
1.902189999999999870e+01
1.902220000000000155e+01
1.902220000000000155e+01
1.920700000000000074e+01
1.920730000000000004e+01
1.920759999999999934e+01
1.922820000000000107e+01
1.924030000000000129e+01
1.939249999999999829e+01
1.953960000000000008e+01
1.953979999999999961e+01
1.967689999999999984e+01
1.968980000000000175e+01
2.013830000000000098e+01
2.054939999999999856e+01
2.096340000000000003e+01
2.133980000000000032e+01
2.171480000000000032e+01
2.206530000000000058e+01
2.206540000000000035e+01
2.240480000000000160e+01
2.240530000000000044e+01
2.271409999999999840e+01
2.271420000000000172e+01
2.302830000000000155e+01
2.331060000000000088e+01
2.331099999999999994e+01
2.357590000000000074e+01
2.383510000000000062e+01
2.383609999999999829e+01
2.409230000000000160e+01
2.431080000000000041e+01
2.431099999999999994e+01
2.453630000000000067e+01
2.453659999999999997e+01
2.474249999999999972e+01
2.493029999999999902e+01
2.493029999999999902e+01
2.493029999999999902e+01
2.511479999999999890e+01
2.511520000000000152e+01
