9.882244436580523983e-01
9.882122829434738520e-01
9.876500477905678643e-01
9.876409470033907789e-01
9.876409470033907789e-01
9.876409470033907789e-01
9.870458868367243399e-01
9.864422800754045761e-01
9.864422800754045761e-01
9.858392268290063765e-01
9.858361622693583293e-01
9.858361622693583293e-01
9.858361622693583293e-01
9.852094066884593548e-01
9.851942164667056856e-01
9.845651318796535545e-01
9.845651318796535545e-01
9.845620732590192326e-01
9.845499565558074595e-01
9.839003348334744992e-01
9.838851748769743555e-01
9.838851748769743555e-01
9.838822369414395030e-01
9.832331584552526094e-01
9.832331584552526094e-01
9.825697097859006357e-01
9.825697097859006357e-01
9.825697097859006357e-01
9.825666604589246012e-01
9.825666604589246012e-01
9.825516485946161893e-01
9.818678009781486304e-01
9.818647549180633538e-01
9.818647549180633538e-01
9.818647549180633538e-01
9.811816241598311228e-01
9.811816241598311228e-01
9.811636012276773178e-01
9.811636012276773178e-01
9.811636012276773178e-01
9.804451951731969483e-01
9.804392332032807467e-01
9.804392332032807467e-01
9.804392332032807467e-01
9.804392332032807467e-01
9.797455612323177077e-01
9.797455612323177077e-01
9.797455612323177077e-01
9.797455612323177077e-01
9.797455612323177077e-01
9.797455612323177077e-01
9.789987337430756664e-01
9.789987337430756664e-01
9.782526433411653510e-01
9.775164829617907225e-01
9.775164829617907225e-01
9.767333773920847673e-01
9.767333773920847673e-01
9.759750132308289139e-01
9.759600360745500636e-01
9.751728857334456269e-01
9.744103150228222709e-01
9.744103150228222709e-01
9.735744863820875450e-01
9.735714788330365188e-01
9.727782041773842536e-01
9.727752003173670836e-01
9.727752003173670836e-01
9.719503588470329580e-01
9.719503588470329580e-01
9.711205736266886879e-01
9.711205736266886879e-01
9.711175774413364215e-01
9.711028271925369326e-01
9.711028271925369326e-01
9.711028271925369326e-01
9.702415578999696866e-01
9.702415578999696866e-01
9.694228095577768212e-01
9.694228095577768212e-01
9.694228095577768212e-01
9.694228095577768212e-01
9.694228095577768212e-01
9.694228095577768212e-01
9.685460974150198465e-01
9.685460974150198465e-01
9.685460974150198465e-01
9.676765345441803445e-01
9.676765345441803445e-01
9.676765345441803445e-01
9.667992134826360884e-01
9.667992134826360884e-01
9.667992134826360884e-01
9.667992134826360884e-01
9.667992134826360884e-01
9.665756926722167686e-01
9.660200307757358384e-01
9.660171724952545391e-01
9.660083690710780102e-01
9.660083690710780102e-01
9.659848176447756174e-01
9.659818451958723795e-01
9.659818451958723795e-01
9.659760146628749711e-01
9.659701841826653368e-01
9.659672118013051811e-01
9.659672118013051811e-01
9.659113107226686701e-01
9.659113107226686701e-01
9.659113107226686701e-01
9.650189228533859742e-01
9.650189228533859742e-01
9.650189228533859742e-01
9.649572827584225188e-01
9.649543150510228040e-01
9.641159156604025560e-01
9.641159156604025560e-01
9.641159156604025560e-01
9.632376255180358227e-01
9.632346657402532930e-01
9.632054102091053283e-01
9.632054102091053283e-01
9.622875550238112474e-01
9.622875550238112474e-01
9.615167708987446549e-01
9.615167708987446549e-01
9.614292429758138914e-01
9.614233400960631171e-01
9.614233400960631171e-01
9.614233400960631171e-01
9.614175507860348580e-01
9.614175507860348580e-01
9.613621576791216983e-01
9.613621576791216983e-01
9.613621576791216983e-01
9.604117997832142262e-01
9.604117997832142262e-01
9.597684806712618588e-01
9.597684806712618588e-01
9.597684806712618588e-01
9.594892194140755004e-01
9.594862768962709731e-01
9.585416367296817342e-01
9.585416367296817342e-01
9.579900645915341295e-01
9.579872418757129360e-01
9.576042586008551849e-01
9.576042586008551849e-01
9.566509030657712742e-01
9.566509030657712742e-01
9.566509030657712742e-01
9.566479735949250385e-01
9.561820210670580744e-01
9.561790937496725817e-01
9.561790937496725817e-01
9.561790937496725817e-01
9.556584703287517302e-01
9.556584703287517302e-01
9.556584703287517302e-01
9.545203439997362871e-01
9.545174243097772626e-01
9.545174243097772626e-01
9.545174243097772626e-01
9.543385627030993579e-01
9.543385627030993579e-01
9.537041388306075618e-01
9.537041388306075618e-01
9.524342773588885258e-01
9.524342773588885258e-01
9.524342773588885258e-01
9.524342773588885258e-01
9.517730148962871839e-01
9.517730148962871839e-01
9.517702196136038628e-01
9.517673125326761019e-01
9.517270620118171154e-01
9.517241551286174106e-01
9.517127513308256681e-01
9.517127513308256681e-01
9.517098445131901840e-01
9.517098445131901840e-01
9.516983291742041606e-01
9.507278793428325381e-01
9.507278793428325381e-01
9.507278793428325381e-01
9.505787626332152795e-01
9.505787626332152795e-01
9.505758610093426597e-01
9.505758610093426597e-01
9.497245853396466542e-01
9.497245853396466542e-01
9.497217990762149009e-01
9.489059516966560359e-01
9.489059516966560359e-01
9.489031690349564174e-01
9.489031690349564174e-01
9.487143105700128753e-01
9.487143105700128753e-01
9.487143105700128753e-01
9.486543372691627063e-01
9.486543372691627063e-01
9.486543372691627063e-01
9.486543372691627063e-01
9.476799844122902883e-01
9.476799844122902883e-01
9.476799844122902883e-01
9.466815098936943729e-01
9.466815098936943729e-01
9.466815098936943729e-01
9.466644291298954572e-01
9.466644291298954572e-01
9.466615454101907634e-01
9.466101952234580175e-01
9.466016557487959560e-01
9.465988832169365264e-01
9.460917148900569451e-01
9.460917148900569451e-01
9.456561528913504100e-01
9.456561528913504100e-01
9.456561528913504100e-01
9.447319687797849364e-01
9.447290938855275044e-01
9.447290938855275044e-01
9.447290938855275044e-01
9.446069230089350066e-01
9.446069230089350066e-01
9.435934324326732403e-01
9.435934324326732403e-01
9.435934324326732403e-01
9.431708447489923763e-01
9.427288109063707289e-01
9.427288109063707289e-01
9.425561173651467728e-01
9.425532523970933108e-01
9.425532523970933108e-01
9.415317329736168084e-01
9.415317329736168084e-01
9.415317329736168084e-01
9.414271205247726204e-01
9.414215108860258807e-01
9.414215108860258807e-01
9.414215108860258807e-01
9.414215108860258807e-01
9.406643401042387165e-01
9.406643401042387165e-01
9.404639879235497935e-01
9.404639879235497935e-01
9.402466825923772031e-01
9.402438281474064796e-01
9.402409737154341363e-01
9.394148329982376922e-01
9.394148329982376922e-01
9.386573436357623645e-01
9.383591139817238913e-01
9.383591139817238913e-01
9.383591139817238913e-01
9.372994914909958952e-01
9.372994914909958952e-01
9.371422705732445069e-01
9.371422705732445069e-01
9.365865785664601040e-01
9.360986676136644480e-01
9.360986676136644480e-01
9.360847079757411704e-01
9.360818724624437870e-01
9.360790369620300977e-01
9.344918728354932869e-01
9.344918728354932869e-01
9.340447291395669316e-01
9.340420115918838251e-01
9.323764327211396807e-01
9.323764327211396807e-01
9.308264637715361056e-01
9.308264637715361056e-01
9.307041685489050309e-01
9.306875183669702789e-01
9.306847073413779814e-01
9.306818963285216073e-01
9.302374840634157760e-01
9.302374840634157760e-01
9.280811244291643503e-01
9.280506566181343509e-01
9.276938750463006311e-01
9.276910775726752156e-01
9.258604818116376034e-01
9.258576926268411444e-01
9.258576926268411444e-01
9.254030095176957182e-01
9.252652766443000276e-01
9.252487721999298476e-01
9.252487721999298476e-01
9.252459857788672970e-01
9.252431993703921220e-01
9.244477661144764324e-01
9.244477661144764324e-01
9.237083037324558266e-01
9.237083037324558266e-01
9.237027448146053477e-01
9.236752716690089793e-01
9.214895867592398648e-01
9.214595494697849221e-01
9.213992662923514709e-01
9.211503147140021053e-01
9.211475467863942113e-01
9.211475467863942113e-01
9.211447788712616713e-01
9.209478630846817948e-01
9.209450960695311217e-01
9.197537786970458873e-01
9.197537786970458873e-01
9.197400768589947262e-01
9.197374214994419317e-01
9.191807934821204507e-01
9.191780344269619984e-01
9.178077904147441402e-01
9.170056398051990021e-01
9.169784648972443275e-01
9.169158720398050688e-01
9.164921643506990234e-01
9.164895230441669760e-01
9.146594170023407688e-01
9.144699474623131374e-01
9.144699474623131374e-01
9.144211941212830874e-01
9.144185617624085438e-01
9.144185617624085438e-01
9.144130864923591950e-01
9.142317985935645153e-01
9.123788532062031553e-01
9.120580251473181521e-01
9.120552980999684367e-01
9.109915297140400714e-01
9.109915297140400714e-01
9.100665576284241443e-01
9.100665576284241443e-01
9.086951419897701943e-01
9.078191788587485211e-01
9.078191788587485211e-01
9.074445404099411583e-01
9.074445404099411583e-01
9.074445404099411583e-01
9.074445404099411583e-01
9.074419381192165845e-01
9.054282126098771588e-01
9.040140617816048163e-01
9.040113707316597136e-01
9.040113707316597136e-01
9.040087831949665809e-01
9.031793778627109637e-01
9.031767938972926624e-01
9.031103381169248712e-01
9.031103381169248712e-01
9.026616693947511205e-01
9.026616693947511205e-01
9.026616693947511205e-01
9.026616693947511205e-01
9.026616693947511205e-01
9.026589843812017344e-01
9.026589843812017344e-01
9.026589843812017344e-01
9.007458648280901592e-01
9.007458648280901592e-01
9.004680902860692226e-01
9.004655179472580429e-01
9.004628427265869428e-01
8.984380395832908262e-01
8.984380395832908262e-01
8.981007581794543393e-01
8.981007581794543393e-01
8.975979569300740479e-01
8.975952944782024101e-01
8.968062973873638377e-01
8.968062973873638377e-01
8.959947481141729009e-01
8.936057580486984619e-01
8.936057580486984619e-01
8.932738370851425191e-01
8.932634675350717979e-01
8.931798061043054737e-01
8.921175260429804466e-01
8.921149894032487371e-01
8.896244723686728140e-01
8.896224515565492874e-01
8.887581756900023722e-01
8.887581756900023722e-01
8.884051545960376384e-01
8.884051545960376384e-01
8.884051545960376384e-01
8.884051545960376384e-01
8.884031379370703752e-01
8.884031379370703752e-01
8.884031379370703752e-01
8.884031379370703752e-01
8.884031379370703752e-01
8.866894472950815898e-01
8.863899105373521659e-01
8.863879007363233420e-01
8.860282564429450280e-01
8.860262478718125001e-01
8.840341015157520133e-01
8.839650435511554605e-01
8.834608654856511700e-01
8.834608654856511700e-01
8.822492038112654811e-01
8.822492038112654811e-01
8.814883223059265527e-01
8.814833394353273066e-01
8.813368619186369157e-01
8.813348692790107242e-01
8.812760894500781816e-01
8.812731008023221291e-01
8.791649183795702260e-01
8.791649183795702260e-01
8.791649183795702260e-01
8.791619404647066371e-01
8.791569773068899085e-01
8.791539994323733787e-01
8.791539994323733787e-01
8.791520141911013386e-01
8.791490363418013043e-01
8.790954376414901184e-01
8.790934525985746317e-01
8.785121244843441257e-01
8.783564741067299009e-01
8.783535002984724782e-01
8.783535002984724782e-01
8.783535002984724782e-01
8.783535002984724782e-01
8.783535002984724782e-01
8.783535002984724782e-01
8.783535002984724782e-01
8.783515177680244479e-01
8.783485439849375576e-01
8.766470466485003499e-01
8.760276610634732952e-01
8.760246990741850093e-01
8.759358463804902684e-01
8.759289361820243869e-01
8.747652418308683453e-01
8.747573602936482562e-01
8.741508016528473091e-01
8.741508016528473091e-01
8.733011065126689010e-01
8.717396857673639365e-01
8.717396857673639365e-01
8.709825682129700430e-01
8.709796317741804739e-01
8.707379159145338665e-01
8.707359591117892483e-01
8.706723666132639705e-01
8.706674751711652727e-01
8.706655186058674945e-01
8.692789960805205052e-01
8.692770441936422676e-01
8.681986569562101241e-01
8.671806170363847155e-01
8.671786722128143055e-01
8.668112179950057117e-01
8.668092744139775929e-01
8.667159902114736081e-01
8.666985010999546102e-01
8.666916999217677553e-01
8.666916999217677553e-01
8.666868419863620332e-01
8.666810125177891733e-01
8.666810125177891733e-01
8.666790693746682095e-01
8.666742115454557638e-01
8.666712968675330808e-01
8.666664391036692505e-01
8.666586667664386567e-01
8.666567236984676903e-01
8.666538091087634399e-01
8.655841769896321924e-01
8.655812678087538847e-01
8.654620040193602426e-01
8.654620040193602426e-01
8.643394188401550826e-01
8.643394188401550826e-01
8.643394188401550826e-01
8.633648642572161469e-01
8.633552043153593925e-01
8.630500336397323169e-01
8.603809123301022765e-01
8.603789903361381830e-01
8.603789903361381830e-01
8.603761073572673279e-01
8.603761073572673279e-01
8.603713024246832930e-01
8.595963135070976424e-01
8.595943941415905565e-01
8.577547643789832366e-01
8.556121717408003979e-01
8.556121717408003979e-01
8.554282685245202522e-01
8.554263631021135073e-01
8.554235049804401747e-01
8.554015931901515213e-01
8.553996878568710382e-01
8.542053453683433606e-01
8.541863322752841770e-01
8.541863322752841770e-01
8.541863322752841770e-01
8.541711222578867169e-01
8.541692210342768377e-01
8.525222977131767799e-01
8.517900722194254870e-01
8.517872323025346137e-01
8.505598260936800825e-01
8.505598260936800825e-01
8.505551031572952114e-01
8.505551031572952114e-01
8.505182656035304989e-01
8.505163765627190564e-01
8.505088204624087211e-01
8.505069314530646629e-01
8.477631948004347162e-01
8.477603749984665704e-01
8.474925579512859741e-01
8.474925579512859741e-01
8.474897394994840294e-01
8.457787202608328947e-01
8.457787202608328947e-01
8.457084767931813962e-01
8.457084767931813962e-01
8.457084767931813962e-01
8.440019126707968278e-01
8.439972442504851680e-01
8.439972442504851680e-01
8.439542966009373481e-01
8.439542966009373481e-01
8.420808674574462582e-01
8.417134394603065228e-01
8.417078601298527696e-01
8.417060003653622502e-01
8.417032107301841704e-01
8.416939120464158597e-01
8.416892627623155931e-01
8.410656781325870357e-01
8.410656781325870357e-01
8.410628916800954036e-01
8.407462551321285282e-01
8.407221200927997851e-01
8.407081965043842198e-01
8.400374894573687801e-01
8.399763030697677824e-01
8.397399639167649754e-01
8.397399639167649754e-01
8.397399639167649754e-01
8.397353308128455707e-01
8.397353308128455707e-01
8.397260647200361916e-01
8.397260647200361916e-01
8.396852957336613521e-01
8.396760304690085164e-01
8.396732509195162786e-01
8.396713978941887646e-01
8.396639858542193080e-01
8.368710929576484991e-01
8.368683273241331877e-01
8.365457641571212299e-01
8.365439214749411656e-01
8.365365508071037626e-01
8.365365508071037626e-01
8.365347081553650144e-01
8.365347081553650144e-01
8.365347081553650144e-01
8.360346533346445508e-01
8.360346533346445508e-01
8.321919832034688769e-01
8.321901548878354316e-01
8.321453630368716992e-01
8.321407926431685365e-01
8.321078869199955985e-01
8.321078869199955985e-01
8.321078869199955985e-01
8.314100143375008356e-01
8.314100143375008356e-01
8.314100143375008356e-01
8.292770956681193573e-01
8.292752769500230103e-01
8.292752769500230103e-01
8.292698208316318098e-01
8.282495647655905291e-01
8.282477494267184159e-01
8.278485199159708596e-01
8.278467058954404045e-01
8.278439848758241126e-01
8.278067989522205350e-01
8.278040781293551920e-01
8.278022642548967802e-01
8.260383773278552333e-01
8.260338571537779728e-01
8.243098610291199613e-01
8.243053550355493586e-01
8.236361748478557843e-01
8.236244737005862238e-01
8.236226735462152115e-01
8.236181731861075273e-01
8.236181731861075273e-01
8.236154729877480651e-01
8.209272800814364501e-01
8.209022021498181276e-01
8.208932460241565865e-01
8.208860812291562947e-01
8.205270660353080059e-01
8.203641991849884851e-01
8.195872228368547008e-01
8.195845424371626109e-01
8.195845424371626109e-01
8.168502543926708936e-01
8.168342526825628225e-01
8.168182514426494123e-01
8.168084731386079378e-01
8.164112669143990253e-01
8.163037955962272330e-01
8.157428025401979310e-01
8.157428025401979310e-01
8.152373394511779336e-01
8.124559717857163799e-01
8.124471535273612988e-01
8.124445080778504025e-01
8.124427444520212482e-01
8.124400990240455700e-01
8.124374536089904453e-01
8.124374536089904453e-01
8.124374536089904453e-01
8.124374536089904453e-01
8.124330446126108995e-01
8.124312810241085536e-01
8.123968921960555978e-01
8.119103920793158125e-01
8.119077492510331506e-01
8.119033445659040726e-01
8.115273166530546645e-01
8.099257453182212574e-01
8.083962990596036402e-01
8.083962990596036402e-01
8.082886563024891391e-01
8.082860311379830298e-01
8.049658444052550932e-01
8.049658444052550932e-01
8.049658444052550932e-01
8.046398185062700881e-01
8.045998396349257620e-01
8.045972324207256721e-01
8.045859346389632183e-01
8.045815894016465908e-01
8.044434292105309137e-01
8.044434292105309137e-01
8.043852214222801944e-01
8.015615001304494669e-01
8.010777921093308329e-01
8.010423949750690165e-01
8.010398050329698982e-01
8.010268555108839283e-01
8.004918832010076146e-01
8.004875710868498695e-01
7.989383310791513537e-01
7.982405359753502738e-01
7.982388183969768569e-01
7.982388183969768569e-01
7.977203632540073031e-01
7.977134996881838358e-01
7.966250308132861724e-01
7.966233184464074357e-01
7.951706548794255092e-01
7.951706548794255092e-01
7.933789142963506569e-01
7.926025608495828045e-01
7.924717219881505237e-01
7.924411409521963101e-01
7.924190557493229203e-01
7.923341212651794363e-01
7.923298748994317409e-01
7.906408348354057036e-01
7.895178068434671736e-01
7.895178068434671736e-01
7.895135830978199376e-01
7.886560206663204564e-01
7.879261694002364091e-01
7.869854337806376776e-01
7.869812303401135800e-01
7.850621014785997831e-01
7.850486998665411331e-01
7.850319483340365556e-01
7.848016691228033581e-01
7.847974831659733086e-01
7.847974831659733086e-01
7.844058258290472763e-01
7.844058258290472763e-01
7.838239030824125653e-01
7.838239030824125653e-01
7.838188893226231135e-01
7.827011874096780897e-01
7.813404762987732344e-01
7.813171902710963623e-01
7.813171902710963623e-01
7.813080424736024154e-01
7.812980632413807358e-01
7.812914105261155040e-01
7.808018376950307537e-01
7.808018376950307537e-01
7.808001760925048496e-01
7.808001760925048496e-01
7.805825520115932115e-01
7.805759084330312625e-01
7.805651127987628390e-01
7.805543173884534891e-01
7.773142244605059092e-01
7.771360027587731478e-01
7.768836269188349464e-01
7.768836269188349464e-01
7.768671360462737763e-01
7.728917310614293879e-01
7.728917310614293879e-01
7.716928141521192108e-01
7.697683051803516641e-01
7.697601726967218116e-01
7.691441053648443438e-01
7.691416685731943259e-01
7.688542084436613688e-01
7.688436550660908697e-01
7.688412197021236016e-01
7.663728552484969647e-01
7.663728552484969647e-01
7.651785906949459815e-01
7.651761727242022415e-01
7.629524735027823912e-01
7.615108627796154384e-01
7.615084621730848768e-01
7.615028608019922540e-01
7.615028608019922540e-01
7.614980596759591824e-01
7.614964593107047541e-01
7.614964593107047541e-01
7.614924584196409718e-01
7.614860570595227696e-01
7.614796557801223331e-01
7.614716542943787969e-01
7.614716542943787969e-01
7.614692538732485971e-01
7.614676535988006423e-01
7.613012525958213761e-01
7.612988529803926818e-01
7.608287472997022904e-01
7.603518914706702825e-01
7.574326722433134540e-01
7.574326722433134540e-01
7.574183843231818702e-01
7.572739402820817256e-01
7.572453738281923474e-01
7.572429933633313404e-01
7.572390259468404494e-01
7.572366455119119433e-01
7.572350585615290619e-01
7.572326781453081468e-01
7.572326781453081468e-01
7.572310912073968447e-01
7.572310912073968447e-01
7.559900483418305894e-01
7.552260216885545718e-01
7.535793252168023759e-01
7.535753865579560840e-01
7.518759845546211240e-01
7.499687710763367487e-01
7.497435826621223764e-01
7.497396740367845425e-01
7.489164176445303189e-01
7.462505666679041250e-01
7.458416397537144249e-01
7.458416397537144249e-01
7.445395073810792130e-01
7.434036121443963196e-01
7.434036121443963196e-01
7.421294117723045147e-01
7.421155546678787074e-01
7.421001583403711299e-01
7.420978489325700256e-01
7.420963093333584615e-01
7.420939999435244294e-01
7.420916905644705519e-01
7.420916905644705519e-01
7.391628653075581479e-01
7.383103625063217601e-01
7.383019595128721413e-01
7.355360273824358419e-01
7.355299505141718042e-01
7.352041887211416826e-01
7.349332651899852520e-01
7.344578038458661196e-01
7.344555300204220760e-01
7.337065007127907545e-01
7.307684493528168179e-01
7.307684493528168179e-01
7.302586976365464944e-01
7.302549403870326472e-01
7.302451716740019361e-01
7.284810067080575990e-01
7.283926668988289777e-01
7.283926668988289777e-01
7.283926668988289777e-01
7.283926668988289777e-01
7.283904211809382190e-01
7.283904211809382190e-01
7.283904211809382190e-01
7.283904211809382190e-01
7.283080853629840812e-01
7.283080853629840812e-01
7.283080853629840812e-01
7.283058400362434348e-01
7.283058400362434348e-01
7.283020978480833074e-01
7.270247056678527109e-01
7.270232127370392927e-01
7.263227893040336003e-01
7.249613955050635550e-01
7.249591656369610559e-01
7.249517328175885122e-01
7.249398405443551185e-01
7.249383540307762219e-01
7.249019358762924803e-01
7.248677499020630410e-01
7.232318846749848928e-01
7.232296627816733325e-01
7.231992979325683191e-01
7.231992979325683191e-01
7.231822648300926248e-01
7.231800431654380468e-01
7.231800431654380468e-01
7.230734153003237630e-01
7.214362381968950633e-01
7.195928740129322598e-01
7.195906688679997165e-01
7.186639361208225774e-01
7.182833348848909338e-01
7.159002892582977395e-01
7.158988304617065479e-01
7.148518365267685359e-01
7.148467419703558035e-01
7.147586875302018861e-01
7.147565045689594498e-01
7.145979028151084878e-01
7.145957205904087672e-01
7.124452806404693028e-01
7.097173930114156759e-01
7.097065935753771315e-01
7.077416086962186048e-01
7.048097538371944637e-01
7.048061912720263722e-01
7.047591679431914891e-01
7.047534684655394344e-01
7.047385076656469405e-01
7.037038076291384225e-01
7.036959884616061922e-01
7.019909746375218029e-01
7.011835635568118841e-01
7.011418509985473113e-01
6.953602726123698785e-01
6.953581779130730833e-01
6.952848694002750074e-01
6.952778882417753881e-01
6.952492665911771397e-01
6.942632492005331724e-01
6.942632492005331724e-01
6.930743180914704649e-01
6.916639572232277100e-01
6.875615751336272563e-01
6.875560829963629494e-01
6.867878327969599850e-01
6.867857767133579427e-01
6.867837206389889593e-01
6.860626085205350222e-01
6.860304486112150935e-01
6.859798184431672441e-01
6.859798184431672441e-01
6.859640831813358375e-01
6.859517690062533202e-01
6.846558483644105131e-01
6.813633212812351125e-01
6.808759564727048241e-01
6.778692930872428635e-01
6.778625725759754861e-01
6.771943810769687211e-01
6.771856574763157610e-01
6.771219132034375088e-01
6.771219132034375088e-01
6.771084945033947200e-01
6.764534763688261343e-01
6.764481167869870193e-01
6.742533766328321354e-01
6.713877933976686307e-01
6.695882564348406563e-01
6.695777000991861572e-01
6.695506506285020532e-01
6.695374563595485329e-01
6.686800063059377131e-01
6.685733523014454338e-01
6.685667695571102520e-01
6.685160856819567510e-01
6.685160856819567510e-01
6.676776768480769952e-01
6.614593387780834943e-01
6.614593387780834943e-01
6.611549775834253406e-01
6.604201970145504585e-01
6.603504048845517671e-01
6.603484663722013481e-01
6.603290817181680650e-01
6.603290817181680650e-01
6.603271432997104284e-01
6.603174513354541642e-01
6.603174513354541642e-01
6.603174513354541642e-01
6.603155129682085622e-01
6.603135746094981329e-01
6.603122823750995352e-01
6.603122823750995352e-01
6.603058212600064758e-01
6.603038829439709101e-01
6.603038829439709101e-01
6.603006524362112772e-01
6.565473866546629456e-01
6.548154402761621196e-01
6.529632475779589829e-01
6.527294979629366667e-01
6.527231478230605122e-01
6.524114698951589686e-01
6.524082971338348580e-01
6.516734750594498360e-01
6.482742839931709966e-01
6.482711413634199005e-01
6.482711413634199005e-01
6.482711413634199005e-01
6.482711413634199005e-01
6.482711413634199005e-01
6.482711413634199005e-01
6.482698843179176551e-01
6.482698843179176551e-01
6.482698843179176551e-01
6.482698843179176551e-01
6.482698843179176551e-01
6.482698843179176551e-01
6.482698843179176551e-01
6.482679987565203028e-01
6.482648561724720926e-01
6.482648561724720926e-01
6.482617136112751588e-01
6.482617136112751588e-01
6.468454913351682212e-01
6.448953832351359550e-01
6.444727762373153590e-01
6.444709072180579978e-01
6.420523769439393513e-01
6.419024838570591696e-01
6.375372446165735729e-01
6.375305019112056382e-01
6.372094278199792461e-01
6.367912925594049200e-01
6.367643697001696967e-01
6.366071498330322376e-01
6.357169292202400346e-01
6.324931419684901579e-01
6.306334593259946830e-01
6.294778003619962981e-01
6.288089851403354524e-01
6.287489461185280515e-01
6.279134959379265579e-01
6.239610800992315687e-01
6.239592995943116227e-01
6.232885918798538594e-01
6.232779262305535584e-01
6.212410790165421304e-01
6.212322347164306313e-01
6.209275165728229684e-01
6.186079532169383999e-01
6.175389350840608804e-01
6.175313384280151086e-01
6.175284166745530490e-01
6.171411757593197045e-01
6.140545807180068927e-01
6.134518436068937541e-01
6.134477936238527107e-01
6.114479648207603590e-01
6.114450861345488430e-01
6.110618267521340519e-01
6.095512976637940117e-01
6.066613453085591967e-01
6.066602073263527295e-01
6.065725923110129036e-01
6.065623528338388581e-01
6.065606462795173348e-01
6.059104048731035475e-01
6.058115961370105218e-01
6.057474401897171568e-01
6.057411954648384000e-01
6.050503309810431052e-01
6.001559361580380836e-01
6.001486579885916273e-01
5.989864121527829210e-01
5.982842203759919375e-01
5.949712770071843293e-01
5.949668560310760190e-01
5.932139632572864807e-01
5.923308136585107020e-01
5.910565636391832411e-01
5.902235429746299777e-01
5.902202668468181646e-01
5.873624490026413403e-01
5.854396241899851860e-01
5.854326120718845727e-01
5.842515224286035647e-01
5.835557486749021194e-01
5.835460864478100307e-01
5.817199511413351232e-01
5.816622547052309189e-01
5.816569128768231955e-01
5.808202236919420836e-01
5.808175585661921048e-01
5.790800793071562147e-01
5.790381615486339673e-01
5.771116863285860044e-01
5.770942650305187493e-01
5.770847628367870019e-01
5.766183881757710461e-01
5.766131156786122869e-01
5.762026102836308450e-01
5.760362144524001637e-01
5.760293705979463441e-01
5.759535699060021052e-01
5.759467275243339568e-01
5.759077809049147900e-01
5.759062020712356622e-01
5.759062020712356622e-01
5.704058024734404153e-01
5.702849517073971253e-01
5.702833959393952545e-01
5.702833959393952545e-01
5.702833959393952545e-01
5.692414263552295628e-01
5.689581242746978296e-01
5.689581242746978296e-01
5.661018195536822173e-01
5.660900231540799687e-01
5.660884845204458005e-01
5.660777142606487899e-01
5.655774925222902816e-01
5.655774925222902816e-01
5.647266940384982892e-01
5.647190287074781434e-01
5.632588252907858584e-01
5.622253791120626065e-01
5.593606166460874940e-01
5.593505415648198920e-01
5.592301654029344649e-01
5.592261367474847811e-01
5.592261367474847811e-01
5.592261367474847811e-01
5.552894150926808159e-01
5.540875466475738698e-01
5.540840700839533284e-01
5.540736405894090000e-01
5.540736405894090000e-01
5.540264632216781449e-01
5.540190147144234967e-01
5.537648623734475750e-01
5.537648623734475750e-01
5.537623812793304179e-01
5.492414302936465820e-01
5.492414302936465820e-01
5.492375090918156788e-01
5.492375090918156788e-01
5.492350583619952653e-01
5.484888396625269280e-01
5.484751438377247768e-01
5.484511773786467925e-01
5.484487319099231595e-01
5.484472646365400328e-01
5.484384611198905857e-01
5.484081395182853758e-01
5.484022711116482984e-01
5.437988758606053796e-01
5.431128625940636612e-01
5.431094888063662252e-01
5.431080429069767845e-01
5.423569566553253507e-01
5.423521470267941291e-01
5.423420470151242290e-01
5.423285807717650453e-01
5.417322409918626791e-01
5.380478580999120686e-01
5.380440561565160706e-01
5.379209900069937822e-01
5.379195647777353928e-01
5.379195647777353928e-01
5.350898270269125456e-01
5.329282722470539690e-01
5.329245244381540791e-01
5.329231190200094392e-01
5.314239006275273125e-01
5.314215681535887636e-01
5.314169032517803704e-01
5.313973113349176325e-01
5.285484764883765507e-01
5.277433474734535279e-01
5.277387309196339693e-01
5.275651924456088437e-01
5.250497691405957568e-01
5.233806738839950068e-01
5.226209844777294222e-01
5.220977264227285586e-01
5.208167748551808529e-01
5.208004816563401862e-01
5.207353165061102684e-01
5.176629745397379745e-01
5.176593866012759726e-01
5.157362547479702464e-01
5.110045211437214130e-01
5.109838479109201081e-01
5.109578981817540777e-01
5.094737048121869005e-01
5.076308057974719956e-01
5.033013160414694376e-01
5.015567844418546972e-01
5.015469468633209082e-01
5.015041781474192106e-01
5.014994739226507070e-01
5.014917762430743942e-01
4.990443838931277742e-01
4.972437991229745058e-01
4.927432970837918313e-01
4.927337176642871408e-01
4.927037317222116575e-01
4.926916548243768235e-01
4.926737485173025011e-01
4.926716664519268929e-01
4.912502051622717469e-01
4.911532005796475087e-01
4.852910441237561767e-01
4.842160812674393688e-01
4.764060467198256155e-01
4.763537841578074916e-01
4.763395322243514918e-01
4.759399468607374839e-01
4.687073238892890403e-01
4.686934137318770066e-01
4.627041269982150040e-01
4.616677842593108760e-01
4.616647624377815395e-01
4.611216945470094641e-01
4.597582617645195047e-01
4.597503787082943272e-01
4.597226019356169258e-01
4.597090898212574661e-01
4.597072131858229160e-01
4.572839728982470153e-01
4.572839728982470153e-01
4.548990535046072980e-01
4.548935117608357004e-01
4.548078123511751780e-01
4.519548434173247808e-01
4.519519164555821367e-01
4.485087708199610446e-01
4.485051538876206334e-01
4.478050174155417951e-01
4.467219268381599773e-01
4.467208482318066887e-01
4.424824912198409566e-01
4.424697320080833163e-01
4.415719499784738766e-01
4.415719499784738766e-01
4.369119027441303871e-01
4.369084251825998133e-01
4.364080894503178931e-01
4.353930410454822097e-01
4.348262429335033041e-01
4.348252071220702342e-01
4.346346807935859702e-01
4.346115638376755186e-01
4.334319476935001303e-01
4.334223267252516054e-01
4.334206087289161347e-01
4.334188907427954374e-01
4.334178599560259970e-01
4.315253742954106020e-01
4.314939720841009518e-01
4.314816851953433563e-01
4.266338679928747268e-01
4.265181235067944110e-01
4.265164463967524577e-01
4.230907701670615362e-01
4.220062380352664899e-01
4.220055778065755492e-01
4.217373231167294012e-01
4.174996180955949376e-01
4.174979938957597558e-01
4.172126067917812375e-01
4.170915923845476825e-01
4.131722371556996731e-01
4.131690391386303451e-01
4.124647820671635268e-01
4.117352811495813003e-01
4.116551224159676337e-01
4.095536186508573762e-01
4.095520405981610268e-01
4.093450791545715783e-01
4.093362489255630843e-01
4.093337260554689161e-01
4.093053453739989300e-01
4.093006155473841168e-01
4.078047555539568991e-01
4.056924872996524045e-01
4.056918649828238355e-01
4.034206574107230270e-01
4.034197317660468962e-01
4.022378205354880110e-01
4.022292192765620777e-01
4.014038624866165250e-01
4.013928381497161579e-01
4.005175493104751738e-01
3.991575860882924931e-01
3.991506017491580072e-01
3.990209692606275782e-01
3.990188446640106079e-01
3.946080788538995909e-01
3.946071833735189105e-01
3.915322872727410863e-01
3.912191736873837367e-01
3.904480195523821751e-01
3.904471381951816755e-01
3.877190329899030674e-01
3.877161258907799724e-01
3.877161258907799724e-01
3.876841499582408535e-01
3.876783365773194268e-01
3.862724429463122444e-01
3.862724429463122444e-01
3.849086875211186198e-01
3.825045342826310923e-01
3.821686131531541464e-01
3.821686131531541464e-01
3.781494377138034935e-01
3.781438374696500793e-01
3.741878209380163356e-01
3.737472079383490353e-01
3.705351673743806362e-01
3.705297354217849670e-01
3.703071281679381488e-01
3.703017012290488186e-01
3.673026964786993975e-01
3.673026964786993975e-01
3.672919745415013648e-01
3.672892941305574421e-01
3.672892941305574421e-01
3.665639827530535189e-01
3.665639827530535189e-01
3.658434823098058453e-01
3.626747086211934978e-01
3.626720785945678482e-01
3.590619491966432486e-01
3.590619491966432486e-01
3.590619491966432486e-01
3.590593583701642832e-01
3.580484901596303060e-01
3.571677994844634219e-01
3.553804202367897291e-01
3.553804202367897291e-01
3.493807600386631407e-01
3.493658399151181038e-01
3.493658399151181038e-01
3.493633533207794462e-01
3.493608667529880529e-01
3.449984629080142806e-01
3.444233131823288829e-01
3.334661456345680008e-01
3.334661456345680008e-01
3.334499145922033003e-01
3.334429587939546913e-01
3.324828335373637422e-01
3.323074526841959808e-01
3.230590274213616664e-01
3.230347066364966935e-01
3.230258633956504810e-01
3.219629053170369737e-01
3.219453071457457072e-01
3.173558383423926710e-01
3.172396183624833221e-01
3.133215905903805054e-01
3.132307988913557995e-01
3.130092639961879475e-01
3.086605018056605143e-01
3.049343197346192080e-01
3.042804376482983741e-01
3.042602271968696814e-01
3.031778763086120376e-01
3.012652507824015724e-01
2.977187261847035749e-01
2.958516336680597769e-01
2.957838241059974616e-01
2.947097400893275987e-01
2.916664604374131220e-01
2.907090546417641641e-01
2.888905833415471025e-01
2.880919840981880919e-01
2.880566090560289783e-01
2.864123778527453146e-01
2.839768577697458496e-01
2.808701136886902483e-01
2.808503978745057750e-01
2.788910247589203029e-01
2.742291603517225673e-01
2.742049524953988904e-01
2.742014944918816366e-01
2.684312044529195140e-01
2.679779365571556271e-01
2.679762661085099973e-01
2.679662437446317380e-01
2.622725327592455580e-01
2.622450392237203887e-01
2.584761742357196690e-01
2.568821918451349995e-01
2.568790562959460400e-01
2.568210589896687823e-01
2.518769089232492098e-01
2.518769089232492098e-01
2.518495117215265866e-01
2.497923586011078501e-01
2.472043601702571813e-01
2.472028801459750791e-01
2.472014001349844003e-01
2.471851208912752840e-01
2.471777217666370485e-01
2.428795746307237657e-01
2.428781332750616917e-01
2.428781332750616917e-01
2.428392215215901540e-01
2.428348985706657859e-01
2.428190487381706730e-01
2.428147263258975674e-01
2.428147263258975674e-01
2.428147263258975674e-01
2.428118447818344017e-01
2.414403167938950767e-01
2.388443019921534793e-01
2.388428964074843230e-01
2.387754429320550487e-01
2.387740379551884506e-01
2.387726329907223222e-01
2.387726329907223222e-01
2.387529647901655561e-01
2.387501552456108844e-01
2.350651363719059028e-01
2.350637640151271857e-01
2.340924157816984263e-01
2.315023303313934189e-01
2.315023303313934189e-01
2.315009890565954687e-01
2.314929416525904615e-01
2.314808713333367240e-01
2.314808713333367240e-01
2.282666075630785663e-01
2.282652943103740395e-01
2.282613546202577059e-01
2.270202000063324399e-01
2.253415056879464196e-01
2.253415056879464196e-01
2.253415056879464196e-01
2.253415056879464196e-01
2.253337773079450990e-01
2.253337773079450990e-01
2.224874345074234760e-01
2.224836434484707970e-01
2.224811161296665896e-01
2.208324292179243975e-01
2.206613296208594366e-01
2.204929222714308024e-01
2.197219663387389721e-01
2.197157653973235703e-01
2.197120449584745450e-01
2.197120449584745450e-01
2.197120449584745450e-01
2.172867724148647983e-01
2.172831135000015679e-01
2.172831135000015679e-01
2.150466643129572419e-01
2.150430618338994015e-01
2.150394594453643171e-01
2.147923117822780614e-01
2.146473411070869142e-01
2.128362903454951160e-01
2.111076192594379397e-01
2.111052832808663071e-01
2.095130471833111518e-01
2.093641586076411543e-01
2.042847752948980522e-01
1.997895916181088583e-01
1.954109943977412056e-01
1.915538008087828148e-01
1.878234171387829776e-01
1.844344068783655977e-01
1.844334530991993126e-01
1.812384585140797977e-01
1.812338131068002844e-01
1.783985705721106152e-01
1.783976632280520058e-01
1.755814930324451073e-01
1.731069492424409662e-01
1.731034801823813640e-01
1.708287960734775901e-01
1.686461815695543820e-01
1.686378421607696854e-01
1.665214950750656675e-01
1.647478887943652215e-01
1.647462783593690028e-01
1.629470100292368662e-01
1.629446338855467524e-01
1.613259852259328053e-01
1.598705665827090394e-01
1.598705665827090394e-01
1.598705665827090394e-01
1.584598174666657922e-01
1.584567792476743731e-01
