9.882589057796359322e-01
9.882468160698358872e-01
9.876879430233115320e-01
9.876788979341241115e-01
9.876788979341241115e-01
9.876788979341241115e-01
9.870875678029319422e-01
9.864879220263768067e-01
9.864879220263768067e-01
9.858890043650637702e-01
9.858859612760623170e-01
9.858859612760623170e-01
9.858859612760623170e-01
9.852636933803686770e-01
9.852486143080678715e-01
9.846242318933032811e-01
9.846242318933032811e-01
9.846211966070879118e-01
9.846091723879130120e-01
9.839646140348127235e-01
9.839495746997881653e-01
9.839495746997881653e-01
9.839466601531584589e-01
9.833028522013576023e-01
9.833028522013576023e-01
9.826450029965145827e-01
9.826450029965145827e-01
9.826450029965145827e-01
9.826419799006936850e-01
9.826419799006936850e-01
9.826270972386190738e-01
9.819492516008724303e-01
9.819462327844716842e-01
9.819462327844716842e-01
9.819462327844716842e-01
9.812693258591662637e-01
9.812693258591662637e-01
9.812514702009007550e-01
9.812514702009007550e-01
9.812514702009007550e-01
9.805398602923374174e-01
9.805339557713858012e-01
9.805339557713858012e-01
9.805339557713858012e-01
9.805339557713858012e-01
9.798470857007062218e-01
9.798470857007062218e-01
9.798470857007062218e-01
9.798470857007062218e-01
9.798470857007062218e-01
9.798470857007062218e-01
9.791078421479839644e-01
9.791078421479839644e-01
9.783695979321120895e-01
9.776414432525170062e-01
9.776414432525170062e-01
9.768671413602754150e-01
9.768671413602754150e-01
9.761175848422369850e-01
9.761027844236042084e-01
9.753250749635969941e-01
9.745719348403170113e-01
9.745719348403170113e-01
9.737467639970808220e-01
9.737437954039387389e-01
9.729609474386250456e-01
9.729579836348695165e-01
9.729579836348695165e-01
9.721443050812034192e-01
9.721443050812034192e-01
9.713260785808754960e-01
9.713260785808754960e-01
9.713231247289113579e-01
9.713085829504048974e-01
9.713085829504048974e-01
9.713085829504048974e-01
9.704596666924331094e-01
9.704596666924331094e-01
9.696529901551260711e-01
9.696529901551260711e-01
9.696529901551260711e-01
9.696529901551260711e-01
9.696529901551260711e-01
9.696529901551260711e-01
9.687895591214430446e-01
9.687895591214430446e-01
9.687895591214430446e-01
9.679335309009888810e-01
9.679335309009888810e-01
9.679335309009888810e-01
9.670702299492702769e-01
9.670702299492702769e-01
9.670702299492702769e-01
9.670702299492702769e-01
9.670702299492702769e-01
9.668503396285402784e-01
9.663038057909211220e-01
9.663009948434728713e-01
9.662923372280860512e-01
9.662923372280860512e-01
9.662691760586983314e-01
9.662662528832207665e-01
9.662662528832207665e-01
9.662605190134631039e-01
9.662547852117553404e-01
9.662518621233476823e-01
9.662518621233476823e-01
9.661968888700922520e-01
9.661968888700922520e-01
9.661968888700922520e-01
9.653195132635864484e-01
9.653195132635864484e-01
9.653195132635864484e-01
9.652589240561462169e-01
9.652560069899304152e-01
9.644320811913512648e-01
9.644320811913512648e-01
9.644320811913512648e-01
9.635693100963342861e-01
9.635664032333800533e-01
9.635376709545671048e-01
9.635376709545671048e-01
9.626364374855649331e-01
9.626364374855649331e-01
9.618799188900849506e-01
9.618799188900849506e-01
9.617940286308409581e-01
9.617882363250415123e-01
9.617882363250415123e-01
9.617882363250415123e-01
9.617825554775052410e-01
9.617825554775052410e-01
9.617282009568774992e-01
9.617282009568774992e-01
9.617282009568774992e-01
9.607958868023833698e-01
9.607958868023833698e-01
9.601650231784676359e-01
9.601650231784676359e-01
9.601650231784676359e-01
9.598912293494114012e-01
9.598883446358859040e-01
9.589624716509715929e-01
9.589624716509715929e-01
9.584220512512382495e-01
9.584192859722648894e-01
9.580441302981547169e-01
9.580441302981547169e-01
9.571105582620745844e-01
9.571105582620745844e-01
9.571105582620745844e-01
9.571076902375420525e-01
9.566515622585780587e-01
9.566486969841859755e-01
9.566486969841859755e-01
9.566486969841859755e-01
9.561391716004400410e-01
9.561391716004400410e-01
9.561391716004400410e-01
9.550257472494204647e-01
9.550228917057200784e-01
9.550228917057200784e-01
9.550228917057200784e-01
9.548479673083482000e-01
9.548479673083482000e-01
9.542276289731578265e-01
9.542276289731578265e-01
9.529865238858631349e-01
9.529865238858631349e-01
9.529865238858631349e-01
9.529865238858631349e-01
9.523405327056843062e-01
9.523405327056843062e-01
9.523378024086194271e-01
9.523349629162789487e-01
9.522956486087527095e-01
9.522928093677780481e-01
9.522816709705209659e-01
9.522816709705209659e-01
9.522788318128931895e-01
9.522788318128931895e-01
9.522675845471281209e-01
9.513199475085436507e-01
9.513199475085436507e-01
9.513199475085436507e-01
9.511743748531461540e-01
9.511743748531461540e-01
9.511715422943135545e-01
9.511715422943135545e-01
9.503406972389540908e-01
9.503406972389540908e-01
9.503379783966240391e-01
9.495420270772947369e-01
9.495420270772947369e-01
9.495393128028902785e-01
9.495393128028902785e-01
9.493551041260134271e-01
9.493551041260134271e-01
9.493551041260134271e-01
9.492966108444977902e-01
9.492966108444977902e-01
9.492966108444977902e-01
9.492966108444977902e-01
9.483465356869440477e-01
9.483465356869440477e-01
9.483465356869440477e-01
9.473733941396788039e-01
9.473733941396788039e-01
9.473733941396788039e-01
9.473567507393322318e-01
9.473567507393322318e-01
9.473539408722971844e-01
9.473039064158280675e-01
9.472955858632734483e-01
9.472928844166034201e-01
9.467987789443857993e-01
9.467987789443857993e-01
9.463745299292153357e-01
9.463745299292153357e-01
9.463745299292153357e-01
9.454746387102180849e-01
9.454718399967920739e-01
9.454718399967920739e-01
9.454718399967920739e-01
9.453529099902512334e-01
9.453529099902512334e-01
9.443665686325632969e-01
9.443665686325632969e-01
9.443665686325632969e-01
9.439554402373266928e-01
9.435254805047397220e-01
9.435254805047397220e-01
9.433575283615163176e-01
9.433547421678182276e-01
9.433547421678182276e-01
9.423615493651297248e-01
9.423615493651297248e-01
9.423615493651297248e-01
9.422598647220911117e-01
9.422544122223984742e-01
9.422544122223984742e-01
9.422544122223984742e-01
9.422544122223984742e-01
9.415185833652477410e-01
9.415185833652477410e-01
9.413239221514274613e-01
9.413239221514274613e-01
9.411128100271266561e-01
9.411100370771238177e-01
9.411072641434619079e-01
9.403048669760695200e-01
9.403048669760695200e-01
9.395694211020003683e-01
9.392799417269784845e-01
9.392799417269784845e-01
9.392799417269784845e-01
9.382517360870629153e-01
9.382517360870629153e-01
9.380992200379243418e-01
9.380992200379243418e-01
9.375602470354994500e-01
9.370871311236160794e-01
9.370871311236160794e-01
9.370735963733901608e-01
9.370708471750248680e-01
9.370680979927906717e-01
9.355298209735207760e-01
9.355298209735207760e-01
9.350966554865471903e-01
9.350940231682987047e-01
9.334813075455636877e-01
9.334813075455636877e-01
9.319816539861871529e-01
9.319816539861871529e-01
9.318633746680566876e-01
9.318472717603880628e-01
9.318445531425756378e-01
9.318418345406263015e-01
9.314120767327633832e-01
9.314120767327633832e-01
9.293280791405755803e-01
9.292986486567690330e-01
9.289540451682446465e-01
9.289513434058881414e-01
9.271841273065283273e-01
9.271814358295787928e-01
9.271814358295787928e-01
9.267427270036857623e-01
9.266098512232906481e-01
9.265939293675191646e-01
9.265939293675191646e-01
9.265912413159870242e-01
9.265885532800506308e-01
9.258213434753451709e-01
9.258213434753451709e-01
9.251083706829713593e-01
9.251083706829713593e-01
9.251030118200235242e-01
9.250765275820982403e-01
9.229705890553127068e-01
9.229416624265188718e-01
9.228836094868857476e-01
9.226438851375162731e-01
9.226412199552794791e-01
9.226412199552794791e-01
9.226385547884402571e-01
9.224489574342362719e-01
9.224462933780293028e-01
9.212996181163563003e-01
9.212996181163563003e-01
9.212864333669947836e-01
9.212838782266639104e-01
9.207483271846310657e-01
9.207456729422823782e-01
9.194278965800976033e-01
9.186568438324154151e-01
9.186307273905846005e-01
9.185705737655088798e-01
9.181634230767354854e-01
9.181608852300351398e-01
9.164031988060171718e-01
9.162213105119443313e-01
9.162213105119443313e-01
9.161745104760964376e-01
9.161719836123676242e-01
9.161719836123676242e-01
9.161667277804589338e-01
9.159927129421046033e-01
9.142149279298660280e-01
9.139072654611644086e-01
9.139046505137112808e-01
9.128848568269332109e-01
9.128848568269332109e-01
9.119985213585574124e-01
9.119985213585574124e-01
9.106850733154853161e-01
9.098465618191358129e-01
9.098465618191358129e-01
9.094880422120867891e-01
9.094880422120867891e-01
9.094880422120867891e-01
9.094880422120867891e-01
9.094855520970691609e-01
9.075595069298173501e-01
9.062079735314655382e-01
9.062054024580661338e-01
9.062054024580661338e-01
9.062029302858637392e-01
9.054106517758193640e-01
9.054081839379461982e-01
9.053447157702160242e-01
9.053447157702160242e-01
9.049162671023972537e-01
9.049162671023972537e-01
9.049162671023972537e-01
9.049162671023972537e-01
9.049162671023972537e-01
9.049137033533660723e-01
9.049137033533660723e-01
9.049137033533660723e-01
9.030877709909632678e-01
9.030877709909632678e-01
9.028227855835065929e-01
9.028203318327189253e-01
9.028177799460485042e-01
9.008871999080689807e-01
9.008871999080689807e-01
9.005657832676059460e-01
9.005657832676059460e-01
9.000867221180568478e-01
9.000841856614585357e-01
8.993326588565723201e-01
8.993326588565723201e-01
8.985599263037090667e-01
8.962868200521564299e-01
8.962868200521564299e-01
8.959711903928150312e-01
8.959613305478965062e-01
8.958817830712134667e-01
8.948719957609974074e-01
8.948695850382013539e-01
8.925039994777661523e-01
8.925020810917275726e-01
8.916817682881701401e-01
8.916817682881701401e-01
8.913467941802631911e-01
8.913467941802631911e-01
8.913467941802631911e-01
8.913467941802631911e-01
8.913448807656866313e-01
8.913448807656866313e-01
8.913448807656866313e-01
8.913448807656866313e-01
8.913448807656866313e-01
8.897195376397444289e-01
8.894355689316123526e-01
8.894336637137149060e-01
8.890927611519572338e-01
8.890908574023995703e-01
8.872035012569399193e-01
8.871381054093799845e-01
8.866607236261307978e-01
8.866607236261307978e-01
8.855138904420741808e-01
8.855138904420741808e-01
8.847940293509036769e-01
8.847893159035737920e-01
8.846507629902726766e-01
8.846488782158294928e-01
8.845932809825378662e-01
8.845904541912732455e-01
8.825973622386322770e-01
8.825973622386322770e-01
8.825973622386322770e-01
8.825945481892044642e-01
8.825898581467012116e-01
8.825870441451247883e-01
8.825870441451247883e-01
8.825851681540426430e-01
8.825823541823727414e-01
8.825317057605168714e-01
8.825298300046772182e-01
8.819805767591444301e-01
8.818335379805649632e-01
8.818307287997346755e-01
8.818307287997346755e-01
8.818307287997346755e-01
8.818307287997346755e-01
8.818307287997346755e-01
8.818307287997346755e-01
8.818307287997346755e-01
8.818288560224579742e-01
8.818260468714573808e-01
8.802193412708384512e-01
8.796347565903106513e-01
8.796319614009285859e-01
8.795481139791155867e-01
8.795415931829516643e-01
8.784437534386269064e-01
8.784363198105101800e-01
8.778643080091390605e-01
8.778643080091390605e-01
8.770632597992168433e-01
8.755919996079098988e-01
8.755919996079098988e-01
8.748789563953874859e-01
8.748761913489835340e-01
8.746485958047051090e-01
8.746467534091024731e-01
8.745868797770574021e-01
8.745822744525832970e-01
8.745804323363739474e-01
8.732754038816872288e-01
8.732735672666328552e-01
8.722591011351064072e-01
8.713018355977162344e-01
8.713000072746289737e-01
8.709545919259112923e-01
8.709527650598311022e-01
8.708650844997851692e-01
8.708486463601212701e-01
8.708422539178404254e-01
8.708422539178404254e-01
8.708376879450968611e-01
8.708322088410065387e-01
8.708322088410065387e-01
8.708303824882976940e-01
8.708258166400407729e-01
8.708230771540683701e-01
8.708185113824161716e-01
8.708112062473564174e-01
8.708093799827417714e-01
8.708066406001825355e-01
8.698015386876200017e-01
8.697988056422936154e-01
8.696867655699097588e-01
8.696867655699097588e-01
8.686324540549440476e-01
8.686324540549440476e-01
8.686324540549440476e-01
8.677175794328285674e-01
8.677085129497487115e-01
8.674221096419161281e-01
8.649187173535078932e-01
8.649169157206937353e-01
8.649169157206937353e-01
8.649142132855458520e-01
8.649142132855458520e-01
8.649097092644933982e-01
8.641833745269743572e-01
8.641815759563052923e-01
8.624583946027669645e-01
8.604531155428023492e-01
8.604531155428023492e-01
8.602810826491178453e-01
8.602793002849489223e-01
8.602766267525434607e-01
8.602561302228201034e-01
8.602543479620445854e-01
8.591374336772301668e-01
8.591196577241511090e-01
8.591196577241511090e-01
8.591196577241511090e-01
8.591054374913004166e-01
8.591036599952935893e-01
8.575644480764522681e-01
8.568804528056220837e-01
8.568778003569837987e-01
8.557317127619270547e-01
8.557317127619270547e-01
8.557273038682914335e-01
8.557273038682914335e-01
8.556929160570596604e-01
8.556911526540609270e-01
8.556840991147448561e-01
8.556823357480856096e-01
8.531225597362281921e-01
8.531199305014380840e-01
8.528702270743526714e-01
8.528702270743526714e-01
8.528675993946559508e-01
8.512729621969788996e-01
8.512729621969788996e-01
8.512075208610746513e-01
8.512075208610746513e-01
8.512075208610746513e-01
8.496182104278521274e-01
8.496138643048987138e-01
8.496138643048987138e-01
8.495738820598881524e-01
8.495738820598881524e-01
8.478304989005581715e-01
8.474887346235748797e-01
8.474835453919020711e-01
8.474818156621327647e-01
8.474792210807179371e-01
8.474705725907381026e-01
8.474662484119409589e-01
8.468863436676498102e-01
8.468863436676498102e-01
8.468837527310457691e-01
8.465893528817022284e-01
8.465669143702646560e-01
8.465539696162538430e-01
8.459305015222342572e-01
8.458736331616073523e-01
8.456539863165222215e-01
8.456539863165222215e-01
8.456539863165222215e-01
8.456496806559016255e-01
8.456496806559016255e-01
8.456410694661933292e-01
8.456410694661933292e-01
8.456031823148295601e-01
8.455945720720690062e-01
8.455919890334330224e-01
8.455902670164427981e-01
8.455833790186179089e-01
8.429894407669518142e-01
8.429868736195694767e-01
8.426874803732818942e-01
8.426857701658129196e-01
8.426789294053521617e-01
8.426789294053521617e-01
8.426772192325907573e-01
8.426772192325907573e-01
8.426772192325907573e-01
8.422131639623008370e-01
8.422131639623008370e-01
8.386502946660708835e-01
8.386486008060126673e-01
8.386071033718515144e-01
8.386028691706985949e-01
8.385723841845583726e-01
8.385723841845583726e-01
8.385723841845583726e-01
8.379259472609688064e-01
8.379259472609688064e-01
8.379259472609688064e-01
8.359513675678477140e-01
8.359496845925267206e-01
8.359496845925267206e-01
8.359446357072225497e-01
8.350007254068803064e-01
8.349990462571310612e-01
8.346297974146910104e-01
8.346281197564489052e-01
8.346256032817311876e-01
8.345912129813763958e-01
8.345886967292076575e-01
8.345870192361911633e-01
8.329563367168933974e-01
8.329521593857843742e-01
8.313594780924723482e-01
8.313553167626737128e-01
8.307374058582410736e-01
8.307266026726349839e-01
8.307249406690190296e-01
8.307207856890732600e-01
8.307207856890732600e-01
8.307182927210563506e-01
8.282377472604146584e-01
8.282146190226038485e-01
8.282063592507066252e-01
8.281997515518073616e-01
8.278686756886967091e-01
8.277184991463291119e-01
8.270021979065121931e-01
8.269997272072483474e-01
8.269997272072483474e-01
8.244807291542671779e-01
8.244659954359211396e-01
8.244512622441576566e-01
8.244422588861848311e-01
8.240765614372631553e-01
8.239776252995738570e-01
8.234612537959976608e-01
8.234612537959976608e-01
8.229960937553446598e-01
8.204381620425330590e-01
8.204300566506611547e-01
8.204276250643293134e-01
8.204260040147820510e-01
8.204235724524722162e-01
8.204211409045757408e-01
8.204211409045757408e-01
8.204211409045757408e-01
8.204211409045757408e-01
8.204170883567771799e-01
8.204154673488676108e-01
8.203838589749208321e-01
8.199367399673257450e-01
8.199343113042891762e-01
8.199302635645333570e-01
8.195847339680714105e-01
8.181136330588757444e-01
8.167096452177229349e-01
8.167096452177229349e-01
8.166108639602415176e-01
8.166084549597905085e-01
8.135636408158017918e-01
8.135636408158017918e-01
8.135636408158017918e-01
8.132648677719938046e-01
8.132282333880860303e-01
8.132258443037782003e-01
8.132154917673164451e-01
8.132115100927070905e-01
8.130849131711533895e-01
8.130849131711533895e-01
8.130315791018444260e-01
8.104457351250528019e-01
8.100030598878091848e-01
8.099706687346658329e-01
8.099682987520011590e-01
8.099564490467130451e-01
8.094669643850186391e-01
8.094630193328807843e-01
8.080460811441759761e-01
8.074081528145885533e-01
8.074065828060547068e-01
8.074065828060547068e-01
8.069327194225067723e-01
8.069264468186149175e-01
8.059319059804674890e-01
8.059303417078159670e-01
8.046036821138650152e-01
8.046036821138650152e-01
8.029683733341228535e-01
8.022601486844779251e-01
8.021408122233212312e-01
8.021129205077822677e-01
8.020927776972863743e-01
8.020153147765080037e-01
8.020114420232227204e-01
8.004715070682851819e-01
7.994481649152039848e-01
7.994481649152039848e-01
7.994443169145701855e-01
7.986631709623376318e-01
7.979985557822137920e-01
7.971421762126223998e-01
7.971383503788471714e-01
7.953922555453206700e-01
7.953800666977884903e-01
7.953648311636984936e-01
7.951554017426090137e-01
7.951515949558206620e-01
7.951515949558206620e-01
7.947954410136105485e-01
7.947954410136105485e-01
7.942663658435756835e-01
7.942663658435756835e-01
7.942618079130238096e-01
7.932459365588541145e-01
7.920097698365158312e-01
7.919886206282998886e-01
7.919886206282998886e-01
7.919803123198121408e-01
7.919712489093565511e-01
7.919652067509648230e-01
7.915206059675964356e-01
7.915206059675964356e-01
7.915190971379115759e-01
7.915190971379115759e-01
7.913214901719206607e-01
7.913154579237871022e-01
7.913056557167175153e-01
7.912958537524893421e-01
7.883557102353258017e-01
7.881940899965725889e-01
7.879652413954664203e-01
7.879652413954664203e-01
7.879502885971350068e-01
7.843483214029215445e-01
7.843483214029215445e-01
7.832630625613160591e-01
7.815219961124230119e-01
7.815146414130457186e-01
7.809575578332588197e-01
7.809553545948451081e-01
7.806954597149449171e-01
7.806859188454998710e-01
7.806837171395138997e-01
7.784531814173301090e-01
7.784531814173301090e-01
7.773747035955280715e-01
7.773725205266186489e-01
7.753656586485575541e-01
7.740654829984128238e-01
7.740633184762092389e-01
7.740582679714770320e-01
7.740582679714770320e-01
7.740539390198759584e-01
7.740524960467687343e-01
7.740524960467687343e-01
7.740488886375380684e-01
7.740431168527063255e-01
7.740373451539500627e-01
7.740301306515451341e-01
7.740301306515451341e-01
7.740279663270485111e-01
7.740265234507751613e-01
7.738764936840102360e-01
7.738743302186191775e-01
7.734505244083179631e-01
7.730207064096409342e-01
7.703910448127130328e-01
7.703910448127130328e-01
7.703781808638233697e-01
7.702481361752233635e-01
7.702224182509592731e-01
7.702202751681254123e-01
7.702167033899037785e-01
7.702145603388718120e-01
7.702131316448093123e-01
7.702109886136533357e-01
7.702109886136533357e-01
7.702095599328412368e-01
7.702095599328412368e-01
7.690925273140246654e-01
7.684050908694248783e-01
7.669241024235063930e-01
7.669205611507896592e-01
7.653930785223265199e-01
7.636798982503449906e-01
7.634776956194481157e-01
7.634741861027179999e-01
7.627350995479424967e-01
7.603432678665318356e-01
7.599765710622790049e-01
7.599765710622790049e-01
7.588092585529929712e-01
7.577914028110677158e-01
7.577914028110677158e-01
7.566500912480601526e-01
7.566376820944343828e-01
7.566238946233256879e-01
7.566218265459974113e-01
7.566204478340592399e-01
7.566183797755730023e-01
7.566163117283920547e-01
7.566163117283920547e-01
7.539948769189758204e-01
7.532323436022493324e-01
7.532248285349585348e-01
7.507523406510717701e-01
7.507469110635648368e-01
7.504558644148388025e-01
7.502138367320692058e-01
7.497891405489490735e-01
7.497871096656339995e-01
7.491181942455986675e-01
7.464960269646309099e-01
7.464960269646309099e-01
7.460413460838928312e-01
7.460379950374361746e-01
7.460292824575348591e-01
7.444563176266058013e-01
7.443775765931960331e-01
7.443775765931960331e-01
7.443775765931960331e-01
7.443775765931960331e-01
7.443755749196384608e-01
7.443755749196384608e-01
7.443755749196384608e-01
7.443755749196384608e-01
7.443021876557811556e-01
7.443021876557811556e-01
7.443021876557811556e-01
7.443001863876527180e-01
7.443001863876527180e-01
7.442968509646873398e-01
7.431585520410245449e-01
7.431572219579128946e-01
7.425332733568583699e-01
7.413209387767129011e-01
7.413189535083271053e-01
7.413123360238348392e-01
7.413017482943828895e-01
7.413004248494663440e-01
7.412680019250730279e-01
7.412375666586451528e-01
7.397815842341867176e-01
7.397796072020578206e-01
7.397525888219778079e-01
7.397525888219778079e-01
7.397374330338047921e-01
7.397354562376525777e-01
7.397354562376525777e-01
7.396405824453857747e-01
7.381842991521400110e-01
7.365455523179706976e-01
7.365435925442810339e-01
7.357201049975590212e-01
7.353819782199897404e-01
7.332658333617830815e-01
7.332645384543355904e-01
7.323353281079681976e-01
7.323308074470769036e-01
7.322526734140841764e-01
7.322507364184634993e-01
7.321100088266232486e-01
7.321080725856968785e-01
7.302006993132098556e-01
7.277830531604096986e-01
7.277734861548084133e-01
7.260332960321628226e-01
7.234388739215750208e-01
7.234357228490616576e-01
7.233941312643682453e-01
7.233890901851319777e-01
7.233758576864094403e-01
7.224608403346611807e-01
7.224539267425397204e-01
7.209467862508310843e-01
7.202333606504842667e-01
7.201965084981297727e-01
7.150932524953782510e-01
7.150914052180756819e-01
7.150267565246750667e-01
7.150206001158959657e-01
7.149953599482372635e-01
7.141259711071773486e-01
7.141259711071773486e-01
7.130780211553670034e-01
7.118353946613258376e-01
7.082239517097026482e-01
7.082191198441046831e-01
7.075433087775220287e-01
7.075415003013035831e-01
7.075396918343300756e-01
7.069054905237522890e-01
7.068772098472648757e-01
7.068326874104802204e-01
7.068326874104802204e-01
7.068188504982652054e-01
7.068080219883263737e-01
7.056686743910748350e-01
7.027759406612773541e-01
7.023479952935309800e-01
6.997092707979833959e-01
6.997033753311819870e-01
6.991172726840942930e-01
6.991096215596691588e-01
6.990537145796363871e-01
6.990537145796363871e-01
6.990419458284610199e-01
6.984675244177698250e-01
6.984628247614221852e-01
6.965389426883636936e-01
6.940288585180703906e-01
6.924536322372526476e-01
6.924443941473353847e-01
6.924207226669870652e-01
6.924091761906899789e-01
6.916589042844539792e-01
6.915655945471251842e-01
6.915598355118015572e-01
6.915154941523475873e-01
6.915154941523475873e-01
6.907820960632553575e-01
6.853480552949091642e-01
6.853480552949091642e-01
6.850823266286419910e-01
6.844409049216788610e-01
6.843799872052880318e-01
6.843782952012908982e-01
6.843613756214561583e-01
6.843613756214561583e-01
6.843596837094849672e-01
6.843512242751127461e-01
6.843512242751127461e-01
6.843512242751127461e-01
6.843495324133345159e-01
6.843478405599215941e-01
6.843467126622936325e-01
6.843467126622936325e-01
6.843410732299211041e-01
6.843393814183335033e-01
6.843393814183335033e-01
6.843365617509428178e-01
6.810623283980105080e-01
6.795525766940490042e-01
6.779387983800889694e-01
6.777351950165656502e-01
6.777296640232282066e-01
6.774582032423048794e-01
6.774554399944224814e-01
6.768155267708544365e-01
6.738570262441789804e-01
6.738542922954516845e-01
6.738542922954516845e-01
6.738542922954516845e-01
6.738542922954516845e-01
6.738542922954516845e-01
6.738542922954516845e-01
6.738531987221721975e-01
6.738531987221721975e-01
6.738531987221721975e-01
6.738531987221721975e-01
6.738531987221721975e-01
6.738531987221721975e-01
6.738531987221721975e-01
6.738515583689083099e-01
6.738488244645488567e-01
6.738488244645488567e-01
6.738460905823727698e-01
6.738460905823727698e-01
6.726142770956146100e-01
6.709188572004284312e-01
6.705515592793619417e-01
6.705499349609869153e-01
6.684487212486837082e-01
6.683185384595348166e-01
6.645295415070953116e-01
6.645236922050523631e-01
6.642451719630283469e-01
6.638824891923181815e-01
6.638591381414993275e-01
6.637227795880356052e-01
6.629507851606520896e-01
6.601566038349140353e-01
6.585457837245535240e-01
6.575451546189349239e-01
6.569661922076901472e-01
6.569142239343183087e-01
6.561911599026057917e-01
6.527724574933683188e-01
6.527709181678271744e-01
6.521911092672099119e-01
6.521818898659954566e-01
6.504216752828161363e-01
6.504140340616626492e-01
6.501507763310908627e-01
6.481474502393775872e-01
6.472245517212187327e-01
6.472179942631838268e-01
6.472154721993206294e-01
6.468812205462682874e-01
6.442180857742452194e-01
6.436982662553116796e-01
6.436947736704805578e-01
6.419705843461009920e-01
6.419681030123417509e-01
6.416377607073141531e-01
6.403360774019895008e-01
6.378469484758823027e-01
6.378459686500300707e-01
6.377705310983077247e-01
6.377617148868289787e-01
6.377602455419462135e-01
6.372004284822421205e-01
6.371153675791851878e-01
6.370601390398619168e-01
6.370547633217726879e-01
6.364600853803249469e-01
6.322497543749220350e-01
6.322434968441552616e-01
6.312443645988123908e-01
6.306408442189278540e-01
6.277946754091610071e-01
6.277908786835012522e-01
6.262857810179554008e-01
6.255276896204374770e-01
6.244341293361168610e-01
6.237193903926766536e-01
6.237165796933744621e-01
6.212654938404593707e-01
6.196171454332601858e-01
6.196111354592470644e-01
6.185989650514550631e-01
6.180028144157170278e-01
6.179945362485056437e-01
6.164302739612881332e-01
6.163808607065290879e-01
6.163762858058763339e-01
6.156597805770073206e-01
6.156574984670706296e-01
6.141699761471735020e-01
6.141340950690992173e-01
6.124853750295546906e-01
6.124704683327911736e-01
6.124623377131110935e-01
6.120632994028053497e-01
6.120587883690347120e-01
6.117075830689913118e-01
6.115652321302480487e-01
6.115593773395968658e-01
6.114945317712990880e-01
6.114886783342562415e-01
6.114553609039218296e-01
6.114540102738643679e-01
6.114540102738643679e-01
6.067511118088412259e-01
6.066478381040127932e-01
6.066465086288983510e-01
6.066465086288983510e-01
6.066465086288983510e-01
6.057561845138285106e-01
6.055141433079557212e-01
6.055141433079557212e-01
6.030745448911138951e-01
6.030644721150526522e-01
6.030631582995032991e-01
6.030539617509407258e-01
6.026268504410726701e-01
6.026268504410726701e-01
6.019004902647524524e-01
6.018939465775284825e-01
6.006475746680579597e-01
5.997656625591532009e-01
5.973218016775588834e-01
5.973132090283562734e-01
5.972105459957105511e-01
5.972071101866079923e-01
5.972071101866079923e-01
5.972071101866079923e-01
5.938508452297638351e-01
5.928266361572390730e-01
5.928236737968765047e-01
5.928147868934213749e-01
5.928147868934213749e-01
5.927745875637433492e-01
5.927682407995311653e-01
5.925516860429874688e-01
5.925516860429874688e-01
5.925495720305778979e-01
5.886989421499457809e-01
5.886989421499457809e-01
5.886956035787973551e-01
5.886956035787973551e-01
5.886935169910587629e-01
5.880582136467434884e-01
5.880465542343870089e-01
5.880261513752340630e-01
5.880240695304356224e-01
5.880228204306323647e-01
5.880153259432531199e-01
5.879895130600373276e-01
5.879845172798887631e-01
5.840670736786742756e-01
5.834835244237014384e-01
5.834806547025401802e-01
5.834794248306837128e-01
5.828405930152413816e-01
5.828365024517697668e-01
5.828279124553717994e-01
5.828164595207050436e-01
5.823093007766274587e-01
5.791769174445203783e-01
5.791736860003635634e-01
5.790690874733511739e-01
5.790678761287435528e-01
5.790678761287435528e-01
5.766632942676389595e-01
5.748271617474176587e-01
5.748239786586826217e-01
5.748227850094955738e-01
5.735496029247990624e-01
5.735476223234408089e-01
5.735436611617611424e-01
5.735270248801759285e-01
5.711084406714991291e-01
5.704250769169492141e-01
5.704211587689433927e-01
5.702738754543716926e-01
5.681393973758195326e-01
5.667234618816499037e-01
5.660790983409096366e-01
5.656353103385705072e-01
5.645490267230058867e-01
5.645352107397122454e-01
5.644799535681369607e-01
5.618752434543975438e-01
5.618722021910230735e-01
5.602422739701670151e-01
5.562334882958114290e-01
5.562159783399300839e-01
5.561939993174943586e-01
5.549370140246041583e-01
5.533765151166532004e-01
5.497116385674195582e-01
5.482353559123714914e-01
5.482270317235546919e-01
5.481908425368446913e-01
5.481868620179886076e-01
5.481803485663676589e-01
5.461097095496169063e-01
5.445866080725362268e-01
5.407807251328743403e-01
5.407726257796401370e-01
5.407472728509686855e-01
5.407370619262628075e-01
5.407219222994178454e-01
5.407201619327113296e-01
5.395183998445359785e-01
5.394363932151731156e-01
5.344817302809123927e-01
5.335734093531376843e-01
5.269760210891587526e-01
5.269318837788499188e-01
5.269198476137262332e-01
5.265823902853412619e-01
5.204755177099493757e-01
5.204637746868601145e-01
5.154082000839028677e-01
5.145335312755262569e-01
5.145309809136963120e-01
5.140726454947518453e-01
5.129219760208848511e-01
5.129153232452634548e-01
5.128918815066400017e-01
5.128804781923199663e-01
5.128788944387679960e-01
5.108339092187481612e-01
5.108339092187481612e-01
5.088213779266650416e-01
5.088167016029401246e-01
5.087443854068726123e-01
5.063370112859165717e-01
5.063345415312352493e-01
5.034292932215193028e-01
5.034262413873367148e-01
5.028354935383586577e-01
5.019216289153738408e-01
5.019207188367997841e-01
4.983445999461169063e-01
4.983338343214874788e-01
4.975763264462274016e-01
4.975763264462274016e-01
4.936443028615907225e-01
4.936413685091312620e-01
4.932191856443228772e-01
4.923626783616371072e-01
4.918844023203933769e-01
4.918835282766133576e-01
4.917227570717968566e-01
4.917032503275076682e-01
4.907078448189356457e-01
4.906997261758542228e-01
4.906982764464300484e-01
4.906968267255721328e-01
4.906959568971690500e-01
4.890989503667521054e-01
4.890724504592024457e-01
4.890620817118243591e-01
4.849707866429644465e-01
4.848730968109706274e-01
4.848716813056262454e-01
4.819801731270372258e-01
4.810646682705830846e-01
4.810641109269859217e-01
4.808376576666680280e-01
4.772599143354646634e-01
4.772585429318956241e-01
4.770175726058857868e-01
4.769153913704020642e-01
4.736056072630593361e-01
4.736029063052801247e-01
4.730080964874711080e-01
4.723919370081413049e-01
4.723242305892405013e-01
4.705490533202993375e-01
4.705477202127648084e-01
4.703728819873480571e-01
4.703654222713026245e-01
4.703632909673197138e-01
4.703393151283405960e-01
4.703353193928100917e-01
4.690715540472316647e-01
4.672867754283386854e-01
4.672862495526561299e-01
4.653668340161997707e-01
4.653660516717915696e-01
4.643670624117575141e-01
4.643597919725404033e-01
4.636621115837530338e-01
4.636527922773651667e-01
4.629128462180147618e-01
4.617630497657796984e-01
4.617571443940795550e-01
4.616475373103396396e-01
4.616457409064060879e-01
4.579154992731107598e-01
4.579147417815050414e-01
4.553132342477257954e-01
4.550482751329717468e-01
4.543956778125470830e-01
4.543949319212733928e-01
4.520857654919619995e-01
4.520833044109900389e-01
4.520833044109900389e-01
4.520562342886913498e-01
4.520513127965669065e-01
4.508610064461289202e-01
4.508610064461289202e-01
4.497061732290664748e-01
4.476698226145633952e-01
4.473852401867818851e-01
4.473852401867818851e-01
4.439792692759797488e-01
4.439745220780760837e-01
4.406200905283350622e-01
4.402463530542420900e-01
4.375210226572631700e-01
4.375164125622993949e-01
4.373274822803560058e-01
4.373228762630818056e-01
4.347768668055091434e-01
4.347768668055091434e-01
4.347677620066779380e-01
4.347654858665530586e-01
4.347654858665530586e-01
4.341495290210237723e-01
4.341495290210237723e-01
4.335375783056928944e-01
4.308452451272480332e-01
4.308430098728573965e-01
4.277736917468480948e-01
4.277736917468480948e-01
4.277736917468480948e-01
4.277714882496252424e-01
4.269116570362512242e-01
4.261624085761775982e-01
4.246413726673918254e-01
4.246413726673918254e-01
4.195314400182441061e-01
4.195187239247262778e-01
4.195187239247262778e-01
4.195166046507505797e-01
4.195144853981865873e-01
4.157945880488265744e-01
4.153038571536080692e-01
4.059410761981676607e-01
4.059410761981676607e-01
4.059271864050114087e-01
4.059212339274854142e-01
4.050994868638558288e-01
4.049493585517796590e-01
3.970215115353359359e-01
3.970006337453450551e-01
3.969930423661050534e-01
3.960804015489516883e-01
3.960652893826283050e-01
3.921211681858176035e-01
3.920212118757534503e-01
3.886491202708547421e-01
3.885709245394293743e-01
3.883801136371083929e-01
3.846313677746256987e-01
3.814144615454443388e-01
3.808494730066827039e-01
3.808320078131495201e-01
3.798964737787697832e-01
3.782423048573089197e-01
3.751716234315500831e-01
3.735532167181128127e-01
3.734944148345508141e-01
3.725627816021606642e-01
3.699207511068222098e-01
3.690888403759201020e-01
3.675077402872413135e-01
3.668129695100933452e-01
3.667821877732240776e-01
3.653508944924007129e-01
3.632287494344415557e-01
3.605181222245362749e-01
3.605009069977507252e-01
3.587891976824729157e-01
3.547096964211151615e-01
3.546884867082706894e-01
3.546854569563483994e-01
3.496218919360395971e-01
3.492234565363616094e-01
3.492219879767234914e-01
3.492131768782638646e-01
3.441993975793460336e-01
3.441751468315710216e-01
3.408470122103613997e-01
3.394371199099812664e-01
3.394343451098005282e-01
3.393830194881790052e-01
3.350006595325484837e-01
3.350006595325484837e-01
3.349763364341534766e-01
3.331487504173382130e-01
3.308459826895592260e-01
3.308446646252448664e-01
3.308433465714324950e-01
3.308288486725988742e-01
3.308222591386168476e-01
3.269886811233085888e-01
3.269873936141405868e-01
3.269873936141405868e-01
3.269526346987638998e-01
3.269487730532091296e-01
3.269346144665788434e-01
3.269307532466845800e-01
3.269307532466845800e-01
3.269307532466845800e-01
3.269281791507574475e-01
3.257023843165182675e-01
3.233788737471072761e-01
3.233776145080133335e-01
3.233171825623404327e-01
3.233159238036512617e-01
3.233146650547634726e-01
3.233146650547634726e-01
3.232970435994083069e-01
3.232945264054442047e-01
3.199883950875381800e-01
3.199871621150559564e-01
3.191141433927968674e-01
3.167830303132058156e-01
3.167830303132058156e-01
3.167818219186437911e-01
3.167745717448670617e-01
3.167636971064349827e-01
3.167636971064349827e-01
3.138640991467395724e-01
3.138629129185386835e-01
3.138593542877346487e-01
3.127376765620820120e-01
3.112187472675156386e-01
3.112187472675156386e-01
3.112187472675156386e-01
3.112187472675156386e-01
3.112117494987643451e-01
3.112117494987643451e-01
3.086313780120975570e-01
3.086279370240065378e-01
3.086256430745724089e-01
3.071281251390474698e-01
3.069725907755043726e-01
3.068194810069217460e-01
3.061182671854061899e-01
3.061126252631994893e-01
3.061092402096986520e-01
3.061092402096986520e-01
3.061092402096986520e-01
3.039002135544788818e-01
3.038968772544558550e-01
3.038968772544558550e-01
3.018555437594322433e-01
3.018522522020342103e-01
3.018489607164204780e-01
3.016231169386037747e-01
3.014906186106365293e-01
2.998338732945777796e-01
2.982498549387268549e-01
2.982477126699431547e-01
2.967863932243369751e-01
2.966496316439721781e-01
2.919719146862445047e-01
2.878120035018086886e-01
2.837408478502835840e-01
2.801381295751371736e-01
2.766386540828661422e-01
2.734459477173399322e-01
2.734450473325401587e-01
2.704229252296836972e-01
2.704185223527443838e-01
2.677264200541189521e-01
2.677255569411097214e-01
2.650417048092049144e-01
2.626750737575190286e-01
2.626717503865379499e-01
2.604891632655012557e-01
2.583883656590277855e-01
2.583803263449027110e-01
2.563370059199002182e-01
2.546197248044552719e-01
2.546181634625269696e-01
2.528713888635461537e-01
2.528690789098401170e-01
2.512935729312845701e-01
2.498735873904292804e-01
2.498735873904292804e-01
2.498735873904292804e-01
2.484940947242094966e-01
2.484911205011303692e-01
