9.881897102025031243e-01
9.881774776424914197e-01
9.876118395953422668e-01
9.876026824185176745e-01
9.876026824185176745e-01
9.876026824185176745e-01
9.870038447495113054e-01
9.863962241982339174e-01
9.863962241982339174e-01
9.857889777110863117e-01
9.857858913749266705e-01
9.857858913749266705e-01
9.857858913749266705e-01
9.851545827381545939e-01
9.851392797120119837e-01
9.845054213968047474e-01
9.845054213968047474e-01
9.845023390792396745e-01
9.844901284544937958e-01
9.838353629535891987e-01
9.838200804197178018e-01
9.838200804197178018e-01
9.838171187158086806e-01
9.831626824315922164e-01
9.831626824315922164e-01
9.824935378620447413e-01
9.824935378620447413e-01
9.824935378620447413e-01
9.824904618433418779e-01
9.824904618433418779e-01
9.824753185070616013e-01
9.817853613318985317e-01
9.817822875303748864e-01
9.817822875303748864e-01
9.817822875303748864e-01
9.810928170460080366e-01
9.810928170460080366e-01
9.810746236659843023e-01
9.810746236659843023e-01
9.810746236659843023e-01
9.803492899530514837e-01
9.803432694014614368e-01
9.803432694014614368e-01
9.803432694014614368e-01
9.803432694014614368e-01
9.796426589862962109e-01
9.796426589862962109e-01
9.796426589862962109e-01
9.796426589862962109e-01
9.796426589862962109e-01
9.796426589862962109e-01
9.788880897616524246e-01
9.788880897616524246e-01
9.781339839599020314e-01
9.773896391875458445e-01
9.773896391875458445e-01
9.765975266216121442e-01
9.765975266216121442e-01
9.758301444892739651e-01
9.758149863054990103e-01
9.750181620475895095e-01
9.742459205120165278e-01
9.742459205120165278e-01
9.733991538718821390e-01
9.733961063261352686e-01
9.725921221461151234e-01
9.725890771270461199e-01
9.725890771270461199e-01
9.717527606645022242e-01
9.717527606645022242e-01
9.709110837988013110e-01
9.709110837988013110e-01
9.709080440427749759e-01
9.708930792287852052e-01
9.708930792287852052e-01
9.708930792287852052e-01
9.700190901771845731e-01
9.700190901771845731e-01
9.691879012673910720e-01
9.691879012673910720e-01
9.691879012673910720e-01
9.691879012673910720e-01
9.691879012673910720e-01
9.691879012673910720e-01
9.682974907648184137e-01
9.682974907648184137e-01
9.682974907648184137e-01
9.674139559032784996e-01
9.674139559032784996e-01
9.674139559032784996e-01
9.665221491319860858e-01
9.665221491319860858e-01
9.665221491319860858e-01
9.665221491319860858e-01
9.665221491319860858e-01
9.662948752191933277e-01
9.657297733208055623e-01
9.657268660761765267e-01
9.657179118177093846e-01
9.657179118177093846e-01
9.656939566772566597e-01
9.656909332551601999e-01
9.656909332551601999e-01
9.656850027239267664e-01
9.656790722291141993e-01
9.656760488536183518e-01
9.656760488536183518e-01
9.656191879006862377e-01
9.656191879006862377e-01
9.656191879006862377e-01
9.647112618664168693e-01
9.647112618664168693e-01
9.647112618664168693e-01
9.646485335560902596e-01
9.646455134070343052e-01
9.637921195464841384e-01
9.637921195464841384e-01
9.637921195464841384e-01
9.628977381369785427e-01
9.628947234693625568e-01
9.628649251472021220e-01
9.628649251472021220e-01
9.619298194329641838e-01
9.619298194329641838e-01
9.611442176908727708e-01
9.611442176908727708e-01
9.610549880024340519e-01
9.610489702152915648e-01
9.610489702152915648e-01
9.610489702152915648e-01
9.610430681914261530e-01
9.610430681914261530e-01
9.609865957565328909e-01
9.609865957565328909e-01
9.609865957565328909e-01
9.600174768985273444e-01
9.600174768985273444e-01
9.593611969698754294e-01
9.593611969698754294e-01
9.593611969698754294e-01
9.590762438650689559e-01
9.590732411618959619e-01
9.581090515251352580e-01
9.581090515251352580e-01
9.575458541873143048e-01
9.575429715796547336e-01
9.571518245686121418e-01
9.571518245686121418e-01
9.561778222724542919e-01
9.561778222724542919e-01
9.561778222724542919e-01
9.561748286437419253e-01
9.556986156313276304e-01
9.556956235029291369e-01
9.556956235029291369e-01
9.556956235029291369e-01
9.551634038946593686e-01
9.551634038946593686e-01
9.551634038946593686e-01
9.539994455199545254e-01
9.539964587113661798e-01
9.539964587113661798e-01
9.539964587113661798e-01
9.538134770838414545e-01
9.538134770838414545e-01
9.531643077042905032e-01
9.531643077042905032e-01
9.518643139933482544e-01
9.518643139933482544e-01
9.518643139933482544e-01
9.518643139933482544e-01
9.511870343023145491e-01
9.511870343023145491e-01
9.511841708373234283e-01
9.511811928428770546e-01
9.511399600318949377e-01
9.511369821758649534e-01
9.511252999076252879e-01
9.511252999076252879e-01
9.511223220974936998e-01
9.511223220974936998e-01
9.511105254797492803e-01
9.501161273902635207e-01
9.501161273902635207e-01
9.501161273902635207e-01
9.499632881692045006e-01
9.499632881692045006e-01
9.499603139971323218e-01
9.499603139971323218e-01
9.490875682277060132e-01
9.490875682277060132e-01
9.490847110829730982e-01
9.482479380292619942e-01
9.482479380292619942e-01
9.482450834121620709e-01
9.482450834121620709e-01
9.480513320920144205e-01
9.480513320920144205e-01
9.480513320920144205e-01
9.479898012121660278e-01
9.479898012121660278e-01
9.479898012121660278e-01
9.479898012121660278e-01
9.469898852695515235e-01
9.469898852695515235e-01
9.469898852695515235e-01
9.459647104564277154e-01
9.459647104564277154e-01
9.459647104564277154e-01
9.459471684918272505e-01
9.459471684918272505e-01
9.459442068935366432e-01
9.458914692151517700e-01
9.458826988712846218e-01
9.458798513745293457e-01
9.453589037624813285e-01
9.453589037624813285e-01
9.449114027537020011e-01
9.449114027537020011e-01
9.449114027537020011e-01
9.439615641736143203e-01
9.439586087919101809e-01
9.439586087919101809e-01
9.439586087919101809e-01
9.438330136221663169e-01
9.438330136221663169e-01
9.427908211043100062e-01
9.427908211043100062e-01
9.427908211043100062e-01
9.423561101570557819e-01
9.419012971416482749e-01
9.419012971416482749e-01
9.417235838058296560e-01
9.417206354308580440e-01
9.417206354308580440e-01
9.406691083151764721e-01
9.406691083151764721e-01
9.406691083151764721e-01
9.405613925841198597e-01
9.405556163792042623e-01
9.405556163792042623e-01
9.405556163792042623e-01
9.405556163792042623e-01
9.397758147744390556e-01
9.397758147744390556e-01
9.395694250810278092e-01
9.395694250810278092e-01
9.393455480571910599e-01
9.393426071274414424e-01
9.393396662068993486e-01
9.384883177394323095e-01
9.384883177394323095e-01
9.377074072090149093e-01
9.373998755540945416e-01
9.373998755540945416e-01
9.373998755540945416e-01
9.363068328651500405e-01
9.363068328651500405e-01
9.361446040631545840e-01
9.361446040631545840e-01
9.355711099963727184e-01
9.350674374619102336e-01
9.350674374619102336e-01
9.350530250668792620e-01
9.350500975762826572e-01
9.350471700948516096e-01
9.334078705862076664e-01
9.334078705862076664e-01
9.329458049738320602e-01
9.329429964224591476e-01
9.312209261661477111e-01
9.312209261661477111e-01
9.296171032180901017e-01
9.296171032180901017e-01
9.294905061236853339e-01
9.294732696566432306e-01
9.294703596353035557e-01
9.294674496230745930e-01
9.290073346403033838e-01
9.290073346403033838e-01
9.267733368948947170e-01
9.267417549284779898e-01
9.263718908226378224e-01
9.263689905111831546e-01
9.244702341107424726e-01
9.244673397530487335e-01
9.244673397530487335e-01
9.239954580187417221e-01
9.238524942576109567e-01
9.238353623418310567e-01
9.238353623418310567e-01
9.238324699718118982e-01
9.238295776108481627e-01
9.230037342156838243e-01
9.230037342156838243e-01
9.222357083148395862e-01
9.222357083148395862e-01
9.222299336003256798e-01
9.222013937153334950e-01
9.199295918182558429e-01
9.198983538395264503e-01
9.198356595371540712e-01
9.195767308216262759e-01
9.195738517846517857e-01
9.195738517846517857e-01
9.195709727566909741e-01
9.193661419807892532e-01
9.193632636031322525e-01
9.181236319678331981e-01
9.181236319678331981e-01
9.181093701756349867e-01
9.181066062880454126e-01
9.175271475935444787e-01
9.175242749734633385e-01
9.160971436452429728e-01
9.152612396274308892e-01
9.152329153998547406e-01
9.151676738215472895e-01
9.147259828675140536e-01
9.147232291653146774e-01
9.128143774899646345e-01
9.126166563086101080e-01
9.126166563086101080e-01
9.125657766865791221e-01
9.125630294874906845e-01
9.125630294874906845e-01
9.125573153398778281e-01
9.123681093536802900e-01
9.104332557987903085e-01
9.100980648856964450e-01
9.100952155247987729e-01
9.089834406445179704e-01
9.089834406445179704e-01
9.080162483945178886e-01
9.080162483945178886e-01
9.065814172101873680e-01
9.056644374982156798e-01
9.056644374982156798e-01
9.052721350691940172e-01
9.052721350691940172e-01
9.052721350691940172e-01
9.052721350691940172e-01
9.052694098269727929e-01
9.031594858977001206e-01
9.016765190395028551e-01
9.016736960450203453e-01
9.016736960450203453e-01
9.016709816355836793e-01
9.008007292099459162e-01
9.007980174284990760e-01
9.007282732147815496e-01
9.007282732147815496e-01
9.002573428768964048e-01
9.002573428768964048e-01
9.002573428768964048e-01
9.002573428768964048e-01
9.002573428768964048e-01
9.002545243256109275e-01
9.002545243256109275e-01
9.002545243256109275e-01
8.982453029778546538e-01
8.982453029778546538e-01
8.979534165722082850e-01
8.979507133623459980e-01
8.979479020327217897e-01
8.958190126241769580e-01
8.958190126241769580e-01
8.954641855501395131e-01
8.954641855501395131e-01
8.949351180953136753e-01
8.949323162070008664e-01
8.941018354319993922e-01
8.941018354319993922e-01
8.932472781927471850e-01
8.907296903116275200e-01
8.907296903116275200e-01
8.903796667052925606e-01
8.903687306841971960e-01
8.902804969182616102e-01
8.891598426122576670e-01
8.891571658746771911e-01
8.865274776126046419e-01
8.865253425615003957e-01
8.856120125851466574e-01
8.856120125851466574e-01
8.852388426656524478e-01
8.852388426656524478e-01
8.852388426656524478e-01
8.852388426656524478e-01
8.852367107180069139e-01
8.852367107180069139e-01
8.852367107180069139e-01
8.852367107180069139e-01
8.852367107180069139e-01
8.834242833681502649e-01
8.831073307972281405e-01
8.831052039829675460e-01
8.827245867350969055e-01
8.827224608426104124e-01
8.806129139414786700e-01
8.805397490555774143e-01
8.800055116126255239e-01
8.800055116126255239e-01
8.787210661890435537e-01
8.787210661890435537e-01
8.779140863550156659e-01
8.779088005965330899e-01
8.777534135181008779e-01
8.777512995978421495e-01
8.776889412404798030e-01
8.776857705949064892e-01
8.754480425921224995e-01
8.754480425921224995e-01
8.754480425921224995e-01
8.754448800417810039e-01
8.754396091499333510e-01
8.754364466300575964e-01
8.754364466300575964e-01
8.754343382898207571e-01
8.754311757889859935e-01
8.753742527275114593e-01
8.753721445370580279e-01
8.747546633638773050e-01
8.745893029814844066e-01
8.745861435333341927e-01
8.745861435333341927e-01
8.745861435333341927e-01
8.745861435333341927e-01
8.745861435333341927e-01
8.745861435333341927e-01
8.745861435333341927e-01
8.745840372409081631e-01
8.745808778117803994e-01
8.727724005772602434e-01
8.721136952018564426e-01
8.721105446968231423e-01
8.720160348378870330e-01
8.720086845003720555e-01
8.707705127048804838e-01
8.707621243226788543e-01
8.701164614994451041e-01
8.701164614994451041e-01
8.692116630906485675e-01
8.675479961941350293e-01
8.675479961941350293e-01
8.667408401624644432e-01
8.667377090668348938e-01
8.664799543260977011e-01
8.664778675560538268e-01
8.664100502653878655e-01
8.664048337705807512e-01
8.664027471814520487e-01
8.649235780745739843e-01
8.649214950527983614e-01
8.637703521190337463e-01
8.626830678666532748e-01
8.626809902407666097e-01
8.622884087744462356e-01
8.622863320990291625e-01
8.621866575603378546e-01
8.621679698670637881e-01
8.621607025401799573e-01
8.621607025401799573e-01
8.621555116299102206e-01
8.621492825788411585e-01
8.621492825788411585e-01
8.621472062384859525e-01
8.621420154094748822e-01
8.621389009270697956e-01
8.621337101480635035e-01
8.621254049666591257e-01
8.621233286838090315e-01
8.621202142689096126e-01
8.609769466499770374e-01
8.609738363763752567e-01
8.608463248322947292e-01
8.608463248322947292e-01
8.596457405734182489e-01
8.596457405734182489e-01
8.596457405734182489e-01
8.586029355798922014e-01
8.585925966317921043e-01
8.582659499900840983e-01
8.554069072597060286e-01
8.554048471572184287e-01
8.554048471572184287e-01
8.554017570127896430e-01
8.554017570127896430e-01
8.553966067968820086e-01
8.545657682060442406e-01
8.545637101292973270e-01
8.525902410408172649e-01
8.502895241619580213e-01
8.502895241619580213e-01
8.500919362946809388e-01
8.500898889923996782e-01
8.500868180482226144e-01
8.500632745114214961e-01
8.500612272781672418e-01
8.487775601599514275e-01
8.487571190131907306e-01
8.487571190131907306e-01
8.487571190131907306e-01
8.487407664502278903e-01
8.487387224020100929e-01
8.469673637396930577e-01
8.461793556764277691e-01
8.461762988590267875e-01
8.448547513163965350e-01
8.448547513163965350e-01
8.448496646020611234e-01
8.448496646020611234e-01
8.448099892813206724e-01
8.448079546997130373e-01
8.447998164222821904e-01
8.447977818651742909e-01
8.418406579399557721e-01
8.418376167960720524e-01
8.415487582181195858e-01
8.415487582181195858e-01
8.415457181287216981e-01
8.396993755091448630e-01
8.396993755091448630e-01
8.396235435836311156e-01
8.396235435836311156e-01
8.396235435836311156e-01
8.377804093673162367e-01
8.377753652462863743e-01
8.377753652462863743e-01
8.377289607577359520e-01
8.377289607577359520e-01
8.357037943440761563e-01
8.353063898357870887e-01
8.353003547689222819e-01
8.352983430896570027e-01
8.352953255798428733e-01
8.352852672925233923e-01
8.352802381942829868e-01
8.346056078281218760e-01
8.346056078281218760e-01
8.346025928208095079e-01
8.342599579599635495e-01
8.342338390799844960e-01
8.342187708673514113e-01
8.334928056407547858e-01
8.334265664322418887e-01
8.331706916739687330e-01
8.331706916739687330e-01
8.331706916739687330e-01
8.331656753071973176e-01
8.331656753071973176e-01
8.331556426642622304e-01
8.331556426642622304e-01
8.331115004705389460e-01
8.331014684799552539e-01
8.330984589063363810e-01
8.330964525299637824e-01
8.330884270727938468e-01
8.300623345312081458e-01
8.300593359364408785e-01
8.297095742223211667e-01
8.297075760075027784e-01
8.296995831963526191e-01
8.296995831963526191e-01
8.296975850055959834e-01
8.296975850055959834e-01
8.296975850055959834e-01
8.291552541926330289e-01
8.291552541926330289e-01
8.249833153528671748e-01
8.249813285204418145e-01
8.249326526206914867e-01
8.249276858536309653e-01
8.248919260135492149e-01
8.248919260135492149e-01
8.248919260135492149e-01
8.241333881644052894e-01
8.241333881644052894e-01
8.241333881644052894e-01
8.218134653302924253e-01
8.218114861319133491e-01
8.218114861319133491e-01
8.218055485653755765e-01
8.206949891054462487e-01
8.206930126007275783e-01
8.202582972597265432e-01
8.202563218067061568e-01
8.202533586360958306e-01
8.202128630438942913e-01
8.202099000302784937e-01
8.202079246938145385e-01
8.182862040819328664e-01
8.182812773319108057e-01
8.164014271063669836e-01
8.163965117042386588e-01
8.156664118042408207e-01
8.156536433262262520e-01
8.156516789627339392e-01
8.156467680747007121e-01
8.156467680747007121e-01
8.156438215560731786e-01
8.127084957850704283e-01
8.126810944255646874e-01
8.126713084496391959e-01
8.126634797537427568e-01
8.122711629888389462e-01
8.120931664999628818e-01
8.112438197564959541e-01
8.112408891434904623e-01
8.112408891434904623e-01
8.082493836098676443e-01
8.082318649943365241e-01
8.082143467585174434e-01
8.082036413568837174e-01
8.077687327023881370e-01
8.076510460062594765e-01
8.070366304635557819e-01
8.070366304635557819e-01
8.064828907546071068e-01
8.034334646290022253e-01
8.034237900092817686e-01
8.034208876460827708e-01
8.034189527431082611e-01
8.034160503973838408e-01
8.034131480621441446e-01
8.034131480621441446e-01
8.034131480621441446e-01
8.034131480621441446e-01
8.034083108600438283e-01
8.034063759873584232e-01
8.033686469013592291e-01
8.028348251970619520e-01
8.028319249614944697e-01
8.028270912588311159e-01
8.024144004016829923e-01
8.006558397331315913e-01
7.989752113156786129e-01
7.989752113156786129e-01
7.988568818629444568e-01
7.988539959976713734e-01
7.952011784658872262e-01
7.952011784658872262e-01
7.952011784658872262e-01
7.948421764957500635e-01
7.947981500822165479e-01
7.947952788790854095e-01
7.947828371187068974e-01
7.947780518781140113e-01
7.946258962518694124e-01
7.946258962518694124e-01
7.945617890828393648e-01
7.914497377797760080e-01
7.909162167456590398e-01
7.908771695168465010e-01
7.908743124782321443e-01
7.908600274399750774e-01
7.902698048770683270e-01
7.902650468086085400e-01
7.885549518849983563e-01
7.877842928258192989e-01
7.877823955809319934e-01
7.877823955809319934e-01
7.872096366287339997e-01
7.872020532124279768e-01
7.859991117311053710e-01
7.859972187855239767e-01
7.843908072727954206e-01
7.843908072727954206e-01
7.824079005285093924e-01
7.815481906935163314e-01
7.814032725318018624e-01
7.813693994341422977e-01
7.813449364434780220e-01
7.812508551553059011e-01
7.812461513882758002e-01
7.793744220010383472e-01
7.781290943715128972e-01
7.781290943715128972e-01
7.781244094000275835e-01
7.771730081667489465e-01
7.763629880986341325e-01
7.753185061852073678e-01
7.753138381357541631e-01
7.731816160854254605e-01
7.731667195964587735e-01
7.731480993888477649e-01
7.728921170032749810e-01
7.728874635626626910e-01
7.728874635626626910e-01
7.724520255396450930e-01
7.724520255396450930e-01
7.718049047109022398e-01
7.718049047109022398e-01
7.717993284406100551e-01
7.705558979926455665e-01
7.690412364055021488e-01
7.690153073356046365e-01
7.690153073356046365e-01
7.690051211544752796e-01
7.689940091107593245e-01
7.689866011708198501e-01
7.684413875901858759e-01
7.684413875901858759e-01
7.684395369294060307e-01
7.684395369294060307e-01
7.681971388984575322e-01
7.681897386349975099e-01
7.681777133589203777e-01
7.681656882710873324e-01
7.645537585584281093e-01
7.643549239853842936e-01
7.640733301880920925e-01
7.640733301880920925e-01
7.640549289769722474e-01
7.596148408634036953e-01
7.596148408634036953e-01
7.582741562685220149e-01
7.561205055219684112e-01
7.561114006257001474e-01
7.554215685167469108e-01
7.554188395612598805e-01
7.550968920193952272e-01
7.550850716993169343e-01
7.550823439594224196e-01
7.523160449115099402e-01
7.523160449115099402e-01
7.509764863463312956e-01
7.509737734486744420e-01
7.484775485471321099e-01
7.468578797266830493e-01
7.468551817074657873e-01
7.468488863671955968e-01
7.468488863671955968e-01
7.468434904034846333e-01
7.468416917575777525e-01
7.468416917575777525e-01
7.468371951617619464e-01
7.468300006647686784e-01
7.468228062370821929e-01
7.468138132999355694e-01
7.468138132999355694e-01
7.468111154399079687e-01
7.468093168719707187e-01
7.466222894547828171e-01
7.466195922866339929e-01
7.460911353933449286e-01
7.455549725457251142e-01
7.422700987975691111e-01
7.422700987975691111e-01
7.422540102675376783e-01
7.420913569398046583e-01
7.420591879767486354e-01
7.420565072927740591e-01
7.420520395076696252e-01
7.420493588495188364e-01
7.420475717494648960e-01
7.420448911074539744e-01
7.420448911074539744e-01
7.420431040181597604e-01
7.420431040181597604e-01
7.406451332942672883e-01
7.397840972455084207e-01
7.379272830663918814e-01
7.379228401425835804e-01
7.360051104974758562e-01
7.338510806621384441e-01
7.335966252324864767e-01
7.335922083827687290e-01
7.326617298678511636e-01
7.296462570522821434e-01
7.291833734652813925e-01
7.291833734652813925e-01
7.277088503138785525e-01
7.264218540933591317e-01
7.264218540933591317e-01
7.249773585751250193e-01
7.249616448611758690e-01
7.249441855784685140e-01
7.249415667223283455e-01
7.249398208234909546e-01
7.249372019831183955e-01
7.249345831522066019e-01
7.249345831522066019e-01
7.216110780163554894e-01
7.206428600415347718e-01
7.206333145895367220e-01
7.174893467694544169e-01
7.174824349887056751e-01
7.171118882494682545e-01
7.168036770654225842e-01
7.162626855825573458e-01
7.162600980882792845e-01
7.154075967469425423e-01
7.120608851797071148e-01
7.120608851797071148e-01
7.114797781189683423e-01
7.114754944306999063e-01
7.114643569619050201e-01
7.094521983729152881e-01
7.093513982892237779e-01
7.093513982892237779e-01
7.093513982892237779e-01
7.093513982892237779e-01
7.093488357619259776e-01
7.093488357619259776e-01
7.093488357619259776e-01
7.093488357619259776e-01
7.092548828199514155e-01
7.092548828199514155e-01
7.092548828199514155e-01
7.092523206413151593e-01
7.092523206413151593e-01
7.092480503641566125e-01
7.077899748418918779e-01
7.077882702497551026e-01
7.069884174922042019e-01
7.054330448938160858e-01
7.054304965215444367e-01
7.054220020137929037e-01
7.054084110141478625e-01
7.054067121576037547e-01
7.053650914503013514e-01
7.053260211843710437e-01
7.034557324319536953e-01
7.034531912027104372e-01
7.034184619897618784e-01
7.034184619897618784e-01
7.033989804990543604e-01
7.033964394748269955e-01
7.033964394748269955e-01
7.032744811063181833e-01
7.014011862620311843e-01
6.992903253253047735e-01
6.992877991435674234e-01
6.982259276574807050e-01
6.977896989636530600e-01
6.950566738273316059e-01
6.950549999011911284e-01
6.938533253986606253e-01
6.938474768179879737e-01
6.937463877143150714e-01
6.937438815600162068e-01
6.935617919109784424e-01
6.935592864235307076e-01
6.910891137989179089e-01
6.879522540317222212e-01
6.879398280063566684e-01
6.856778966054366542e-01
6.822993473763314665e-01
6.822952393780442604e-01
6.822410161186199806e-01
6.822344438951543077e-01
6.822171921097824887e-01
6.810237715139012549e-01
6.810147508462709443e-01
6.790470063685389857e-01
6.781146675468494589e-01
6.780664920365528925e-01
6.713806518307561255e-01
6.713782264725322024e-01
6.712933444542706907e-01
6.712852610122503894e-01
6.712521199176183506e-01
6.701101570080614245e-01
6.701101570080614245e-01
6.687325413534921381e-01
6.670974389635431212e-01
6.623357040041583099e-01
6.623293235342756491e-01
6.614366641385599488e-01
6.614342747029267056e-01
6.614318852759252243e-01
6.605937294111721148e-01
6.605563436165113878e-01
6.604974851640871281e-01
6.604974851640871281e-01
6.604791923891389915e-01
6.604648766577911889e-01
6.589578958446712376e-01
6.551253937475867151e-01
6.545576461853399586e-01
6.510524966561447302e-01
6.510446569461991739e-01
6.502650776212857142e-01
6.502548983430573859e-01
6.501805161466701621e-01
6.501805161466701621e-01
6.501648578211260965e-01
6.494004075939110443e-01
6.493941517334503866e-01
6.468312042900644654e-01
6.434813239357419778e-01
6.413756112648782981e-01
6.413632542138077985e-01
6.413315903571198406e-01
6.413161451406389491e-01
6.403122324874725990e-01
6.401873357612305471e-01
6.401796268851430716e-01
6.401202716484313271e-01
6.401202716484313271e-01
6.391382410486959875e-01
6.318440794526185567e-01
6.318440794526185567e-01
6.314865832040179594e-01
6.306233422199698513e-01
6.305413349869500861e-01
6.305390571604917449e-01
6.305162793484785366e-01
6.305162793484785366e-01
6.305140016125335700e-01
6.305026130562325637e-01
6.305026130562325637e-01
6.305026130562325637e-01
6.305003353696569945e-01
6.304980576913096213e-01
6.304965392436491234e-01
6.304965392436491234e-01
6.304889470602004220e-01
6.304866694229931401e-01
6.304866694229931401e-01
6.304828733792653406e-01
6.260691843652720356e-01
6.240302193540453457e-01
6.218481149987277190e-01
6.215726144169551048e-01
6.215651296917875657e-01
6.211977405180735268e-01
6.211940004012701522e-01
6.203276486296741554e-01
6.163167020676211250e-01
6.163129913386483638e-01
6.163129913386483638e-01
6.163129913386483638e-01
6.163129913386483638e-01
6.163129913386483638e-01
6.163129913386483638e-01
6.163115070533148332e-01
6.163115070533148332e-01
6.163115070533148332e-01
6.163115070533148332e-01
6.163115070533148332e-01
6.163115070533148332e-01
6.163115070533148332e-01
6.163092806320171757e-01
6.163055699477273386e-01
6.163055699477273386e-01
6.163018592857789635e-01
6.163018592857789635e-01
6.146291456084078675e-01
6.123243162413872787e-01
6.118246033782940296e-01
6.118223931659064752e-01
6.089609915141594998e-01
6.087835610601693981e-01
6.036118042710076903e-01
6.036038089826024633e-01
6.032230651733293536e-01
6.027271508361009555e-01
6.026952171885421317e-01
6.025087294551783046e-01
6.014525722319612466e-01
5.976248353757718235e-01
5.954146006177858386e-01
5.940403075065049388e-01
5.932446856900640553e-01
5.931732534433983295e-01
5.921790961913794282e-01
5.874715972924163809e-01
5.874694750551046063e-01
5.866699376072630479e-01
5.866572216741747781e-01
5.842278971090071327e-01
5.842173445879184079e-01
5.838537508359521455e-01
5.810846683055246320e-01
5.798076799818890903e-01
5.797986036468734117e-01
5.797951127866228793e-01
5.793324108374098280e-01
5.756419842422696442e-01
5.749208475088467551e-01
5.749160014256271545e-01
5.725221978127662537e-01
5.725187507624106553e-01
5.720597890997566326e-01
5.702502786532854806e-01
5.667855776734944673e-01
5.667842126665386671e-01
5.666791170023601776e-01
5.666668343656126039e-01
5.666647872853710632e-01
5.658847061934503264e-01
5.657661516208923880e-01
5.656891725865889065e-01
5.656816796117157820e-01
5.648526165659115694e-01
5.589733721998714211e-01
5.589646220060294768e-01
5.575670251815634249e-01
5.567223684471738210e-01
5.527345122050518755e-01
5.527291875548979716e-01
5.506173595575816204e-01
5.495528924544352822e-01
5.480164678487964292e-01
5.470116976618147886e-01
5.470077455165763824e-01
5.435585752023781581e-01
5.412360244733093184e-01
5.412275519406917201e-01
5.398001975119022244e-01
5.389590913122654925e-01
5.389474095005633014e-01
5.367389165256785111e-01
5.366691181683209688e-01
5.366626558165985550e-01
5.356503211795340391e-01
5.356470961279340415e-01
5.335439932849950218e-01
5.334932401036260874e-01
5.311599676134107773e-01
5.311388610635612295e-01
5.311273487535128623e-01
5.305622733529186119e-01
5.305558845373430366e-01
5.300584321535471988e-01
5.298567744552963310e-01
5.298484800539606798e-01
5.297566122926844479e-01
5.297483194592916833e-01
5.297011165725751258e-01
5.296992030307478005e-01
5.296992030307478005e-01
5.230269756848651141e-01
5.228802501548560633e-01
5.228783612533641767e-01
5.228783612533641767e-01
5.228783612533641767e-01
5.216130736521386035e-01
5.212689834205773698e-01
5.212689834205773698e-01
5.177981398058230100e-01
5.177837991534316453e-01
5.177819286628357887e-01
5.177688354178632268e-01
5.171606764090650454e-01
5.171606764090650454e-01
5.161260833178602514e-01
5.161167608746739521e-01
5.143404969083774647e-01
5.130828949169441433e-01
5.095947573764114669e-01
5.095824847837877591e-01
5.094358501693548869e-01
5.094309426276363295e-01
5.094309426276363295e-01
5.094309426276363295e-01
5.046326597487454935e-01
5.031666822665208372e-01
5.031624410085701049e-01
5.031497174492173263e-01
5.031497174492173263e-01
5.030921625100835959e-01
5.030830754899656698e-01
5.027730035991403446e-01
5.027730035991403446e-01
5.027699764957940243e-01
4.972506209403583233e-01
4.972506209403583233e-01
4.972458307824492718e-01
4.972458307824492718e-01
4.972428369571890716e-01
4.963311585541184678e-01
4.963144242040040122e-01
4.962851404489395102e-01
4.962821524078183111e-01
4.962803595917810173e-01
4.962696028315636831e-01
4.962325535531681986e-01
4.962253830445764180e-01
4.905970672793569798e-01
4.897577244750449532e-01
4.897535962429578893e-01
4.897518270112871108e-01
4.888326917723037623e-01
4.888268054474143032e-01
4.888144443958621910e-01
4.887979634800210249e-01
4.880680635664058076e-01
4.835560013694402692e-01
4.835513431357309488e-01
4.834005570605331981e-01
4.833988107791750144e-01
4.833988107791750144e-01
4.799303990851167545e-01
4.772793337409870773e-01
4.772747359722179783e-01
4.772730118203485916e-01
4.754334510605636721e-01
4.754305885636110340e-01
4.754248636214093993e-01
4.754008196169496325e-01
4.719034119672130823e-01
4.709145573447353073e-01
4.709088867827488922e-01
4.706957231961013677e-01
4.676049738335160688e-01
4.655531413003456964e-01
4.646189929942277641e-01
4.639754790626791081e-01
4.623998223416242448e-01
4.623797777437955725e-01
4.622996080412488662e-01
4.585185580647700432e-01
4.585141410239361170e-01
4.561461289864170432e-01
4.503157953035991645e-01
4.502903100270878034e-01
4.502583199131656722e-01
4.484283754035187641e-01
4.461554292186916126e-01
4.408125374016517162e-01
4.386584753442755447e-01
4.386463265004890699e-01
4.385935093521025618e-01
4.385876998540526039e-01
4.385781935686829947e-01
4.355551320653190950e-01
4.333302166092543595e-01
4.277662688722973505e-01
4.277544216930685428e-01
4.277173369923527591e-01
4.277024010073038895e-01
4.276802555067411027e-01
4.276776805229545730e-01
4.259195057664343365e-01
4.257995092045065433e-01
4.185448017289272737e-01
4.172138484977606643e-01
4.075386313237714386e-01
4.074738582063024417e-01
4.074561945974106147e-01
4.069609442029477608e-01
3.979933595704144844e-01
3.979761069322306777e-01
3.905459211532245067e-01
3.892599396002334733e-01
3.892561897475437793e-01
3.885822722931528417e-01
3.868902327459954327e-01
3.868804493829338109e-01
3.868459766468169136e-01
3.868292072372088164e-01
3.868268782100349190e-01
3.838192894700169222e-01
3.838192894700169222e-01
3.808589321785258441e-01
3.808520529761912909e-01
3.807456704682135040e-01
3.772039728382416968e-01
3.772003391241390280e-01
3.729256284818866507e-01
3.729211378628143336e-01
3.720518758084775390e-01
3.707071383885738869e-01
3.707057992114553557e-01
3.654434995144920650e-01
3.654276578821579191e-01
3.643129905506460320e-01
3.643129905506460320e-01
3.585274301027062682e-01
3.585231128608955542e-01
3.579019724675505110e-01
3.566418742115751161e-01
3.559382609384647012e-01
3.559369751138196647e-01
3.557004624201632881e-01
3.556717659608911175e-01
3.542074735099616789e-01
3.541955310159781711e-01
3.541933984701383653e-01
3.541912659371382333e-01
3.541899864235011353e-01
3.518409507347779464e-01
3.518019747804353448e-01
3.517867244953808981e-01
3.457705511623108130e-01
3.456269349428094384e-01
3.456248539869032355e-01
3.413748489489701332e-01
3.400296007382496710e-01
3.400287818346139912e-01
3.396960607989988890e-01
3.344411510999626413e-01
3.344391374915938742e-01
3.340853334831960786e-01
3.339353113576934429e-01
3.290776665616905738e-01
3.290737039419807108e-01
3.282011105189200917e-01
3.272973289619672821e-01
3.271980256550500177e-01
3.245950265390760148e-01
3.245930722124036882e-01
3.243367665704069425e-01
3.243258312001139343e-01
3.243227068763221421e-01
3.242875603075035529e-01
3.242817029163452269e-01
3.224294558147863810e-01
3.198147096188978522e-01
3.198139393993997270e-01
3.170035097710025562e-01
3.170023645978919391e-01
3.155403093827554573e-01
3.155296705946773472e-01
3.145088790919497446e-01
3.144952454275529719e-01
3.134128807101626002e-01
3.117315548973668138e-01
3.117229213517348496e-01
3.115626811194282531e-01
3.115600549167302780e-01
3.061105324794187732e-01
3.061094266571174893e-01
3.023136535961478688e-01
3.019272944336198750e-01
3.009758775925255869e-01
3.009747903191317131e-01
2.976105082500231647e-01
2.976069245450632672e-01
2.976069245450632672e-01
2.975675066385222167e-01
2.975603403073655562e-01
2.958275906627442220e-01
2.958275906627442220e-01
2.941474323773287658e-01
2.911871280776414106e-01
2.907736692490719421e-01
2.907736692490719421e-01
2.858301811645607149e-01
2.858232975039221024e-01
2.809639714544371336e-01
2.804231686767343912e-01
2.764834104109888391e-01
2.764767518490352516e-01
2.762038888332283282e-01
2.761972370030050250e-01
2.725235150065224432e-01
2.725235150065224432e-01
2.725103887733422714e-01
2.725071073138345956e-01
2.725071073138345956e-01
2.716192865383710853e-01
2.716192865383710853e-01
2.707376183714756968e-01
2.668632297374900486e-01
2.668600162787796437e-01
2.624526309739613206e-01
2.624526309739613206e-01
2.624526309739613206e-01
2.624494706258913568e-01
2.612166864016309265e-01
2.601431428604745744e-01
2.579657813370335173e-01
2.579657813370335173e-01
2.506715949137919286e-01
2.506534845453042837e-01
2.506534845453042837e-01
2.506504662777671033e-01
2.506474480465746835e-01
2.453587856777962317e-01
2.446625067249962038e-01
2.314453023467232251e-01
2.314453023467232251e-01
2.314257942586423755e-01
2.314174341528301426e-01
2.302638585152557982e-01
2.300532251044438148e-01
2.189843072045474237e-01
2.189553028291669756e-01
2.189447567360678082e-01
2.176776638360516936e-01
2.176566952311061454e-01
2.121987114835504340e-01
2.120607741231528565e-01
2.074188794138252523e-01
2.073115074471092445e-01
2.070495535987268987e-01
2.019183324093653809e-01
1.975388839355020354e-01
1.967720569148004028e-01
1.967483637061708257e-01
1.954802195724175407e-01
1.932427870489773492e-01
1.891061480531563699e-01
1.869349188954807228e-01
1.868561502161453503e-01
1.856092957545155409e-01
1.820849926493975368e-01
1.809789067741535418e-01
1.788816034902621366e-01
1.779620491697607443e-01
1.779213375933400842e-01
1.760310800513835428e-01
1.732384964512019843e-01
1.696893839128510162e-01
1.696669086284257333e-01
1.674363639421986294e-01
1.621543153384231717e-01
1.621269811275399542e-01
1.621230766164281634e-01
1.556363952946948070e-01
1.551293361338423604e-01
1.551274681293333679e-01
1.551162605746388423e-01
1.487790873692599602e-01
1.487486341673681933e-01
1.445879099100884912e-01
1.428366299093479230e-01
1.428331899686003936e-01
1.427695660057022309e-01
1.373711695243953479e-01
1.373711695243953479e-01
1.373413975500552275e-01
1.351105202884809176e-01
1.323170346591190094e-01
1.323154413510864158e-01
1.323138480622397251e-01
1.322963231511343485e-01
1.322883580497964118e-01
1.276823380908393701e-01
1.276808005919419231e-01
1.276808005919419231e-01
1.276392951192485137e-01
1.276346842329969256e-01
1.276177790750871455e-01
1.276131689660886248e-01
1.276131689660886248e-01
1.276131689660886248e-01
1.276100956526106389e-01
1.261494927386330178e-01
1.233970642474276347e-01
1.233955783500587100e-01
1.233242763140458553e-01
1.233227912931596226e-01
1.233213062901554746e-01
1.233213062901554746e-01
1.233005181255883431e-01
1.232975486738674409e-01
1.194194332973121664e-01
1.194179952969608716e-01
1.184013732347131004e-01
1.157023018492333299e-01
1.157023018492333299e-01
1.157009086090703964e-01
1.156925495203990489e-01
1.156800120197329224e-01
1.156800120197329224e-01
1.123549375559069335e-01
1.123535846233463115e-01
1.123495259234124632e-01
1.110729549607415156e-01
1.093530060938899123e-01
1.093530060938899123e-01
1.093530060938899123e-01
1.093530060938899123e-01
1.093451056246075581e-01
1.093451056246075581e-01
1.064466615294113738e-01
1.064428162132200761e-01
1.064402527462648129e-01
1.047718526241902953e-01
1.045991521177173228e-01
1.044292512560159175e-01
1.036525030153729876e-01
1.036462624587892040e-01
1.036425183051870869e-01
1.036425183051870869e-01
1.036425183051870869e-01
1.012103968567929224e-01
1.012067406972462225e-01
1.012067406972462225e-01
9.897946083679397267e-02
9.897588526835535139e-02
9.897230982908181152e-02
9.872710501807670236e-02
9.858336025891822896e-02
9.679303804262287536e-02
9.509361039153152451e-02
9.509132024799184235e-02
9.353433336420731437e-02
9.338915225866074865e-02
8.847927295174758122e-02
8.420590327812101095e-02
8.011094840828598962e-02
7.656099134389247884e-02
7.318067955686086146e-02
7.015628554155176055e-02
7.015544074803305163e-02
6.734602934912060912e-02
6.734197467900057688e-02
6.488387091087580161e-02
6.488308960563435313e-02
6.247485488705706996e-02
6.038679945481208872e-02
6.038389089402011051e-02
5.848813933755874633e-02
5.669080267821668961e-02
5.668397657172427606e-02
5.496193312749615006e-02
5.353468593098614781e-02
5.353339665282509652e-02
5.210056642852112924e-02
5.209868432955452183e-02
5.082284224337691586e-02
4.968641988337953175e-02
4.968641988337953175e-02
4.968641988337953175e-02
4.859471494386373436e-02
4.859237435479688699e-02
