9.882419578069859822e-01
9.882298337878764327e-01
9.876693367889324282e-01
9.876602648061993950e-01
9.876602648061993950e-01
9.876602648061993950e-01
9.870671342755827915e-01
9.864655778515669660e-01
9.864655778515669660e-01
9.858646664720884800e-01
9.858616130350991158e-01
9.858616130350991158e-01
9.858616130350991158e-01
9.852371828207771021e-01
9.852220502064381602e-01
9.845954032380651588e-01
9.845954032380651588e-01
9.845923567165507651e-01
9.845802879674292463e-01
9.839332921948543698e-01
9.839181948067766692e-01
9.839181948067766692e-01
9.839152690035284365e-01
9.832689249320000213e-01
9.832689249320000213e-01
9.826083822837314852e-01
9.826083822837314852e-01
9.826083822837314852e-01
9.826053465723381120e-01
9.826053465723381120e-01
9.825904017722039141e-01
9.819096700317393456e-01
9.819066381169566649e-01
9.819066381169566649e-01
9.819066381169566649e-01
9.812267392811955258e-01
9.812267392811955258e-01
9.812088032222724410e-01
9.812088032222724410e-01
9.812088032222724410e-01
9.804939271623740460e-01
9.804879950355133156e-01
9.804879950355133156e-01
9.804879950355133156e-01
9.804879950355133156e-01
9.797978568153523637e-01
9.797978568153523637e-01
9.797978568153523637e-01
9.797978568153523637e-01
9.797978568153523637e-01
9.797978568153523637e-01
9.790549701213115963e-01
9.790549701213115963e-01
9.783129574925634175e-01
9.775809584057008061e-01
9.775809584057008061e-01
9.768024295052769590e-01
9.768024295052769590e-01
9.760486445845291126e-01
9.760337593216061869e-01
9.752515179138364632e-01
9.744938511522149849e-01
9.744938511522149849e-01
9.736635649514812085e-01
9.736605776614409846e-01
9.728727255121232265e-01
9.728697424841367125e-01
9.728697424841367125e-01
9.720507065827268534e-01
9.720507065827268534e-01
9.712269328870648533e-01
9.712269328870648533e-01
9.712239587188031820e-01
9.712093168929231135e-01
9.712093168929231135e-01
9.712093168929231135e-01
9.703544722690344848e-01
9.703544722690344848e-01
9.695420022852495601e-01
9.695420022852495601e-01
9.695420022852495601e-01
9.695420022852495601e-01
9.695420022852495601e-01
9.695420022852495601e-01
9.686721973108590733e-01
9.686721973108590733e-01
9.686721973108590733e-01
9.678096732547875058e-01
9.678096732547875058e-01
9.678096732547875058e-01
9.669396431778709555e-01
9.669396431778709555e-01
9.669396431778709555e-01
9.669396431778709555e-01
9.669396431778709555e-01
9.667180103015802217e-01
9.661670950810207215e-01
9.661642614137142537e-01
9.661555338100707990e-01
9.661555338100707990e-01
9.661321853170430352e-01
9.661292384902576691e-01
9.661292384902576691e-01
9.661234582220056266e-01
9.661176780144576925e-01
9.661147312653443064e-01
9.661147312653443064e-01
9.660593126532713848e-01
9.660593126532713848e-01
9.660593126532713848e-01
9.651747308527633962e-01
9.651747308527633962e-01
9.651747308527633962e-01
9.651136371782698120e-01
9.651106958022410698e-01
9.642798218357880868e-01
9.642798218357880868e-01
9.642798218357880868e-01
9.634096000882061972e-01
9.634066678198643929e-01
9.633776843175080318e-01
9.633776843175080318e-01
9.624684700364407597e-01
9.624684700364407597e-01
9.617051012879607175e-01
9.617051012879607175e-01
9.616184246006967973e-01
9.616125791955073554e-01
9.616125791955073554e-01
9.616125791955073554e-01
9.616068462625015911e-01
9.616068462625015911e-01
9.615519929938406429e-01
9.615519929938406429e-01
9.615519929938406429e-01
9.606110133650705984e-01
9.606110133650705984e-01
9.599741674042193695e-01
9.599741674042193695e-01
9.599741674042193695e-01
9.596977474228735039e-01
9.596948349438714221e-01
9.587599468095824307e-01
9.587599468095824307e-01
9.582141689025464037e-01
9.582113760287006565e-01
9.578324595658943563e-01
9.578324595658943563e-01
9.568893815364361011e-01
9.568893815364361011e-01
9.568893815364361011e-01
9.568864839847039949e-01
9.564256347757872367e-01
9.564227396852541530e-01
9.564227396852541530e-01
9.564227396852541530e-01
9.559078806675678219e-01
9.559078806675678219e-01
9.559078806675678219e-01
9.547825831070573255e-01
9.547796967279883473e-01
9.547796967279883473e-01
9.547796967279883473e-01
9.546028796687032747e-01
9.546028796687032747e-01
9.539757697790464119e-01
9.539757697790464119e-01
9.527208378779195019e-01
9.527208378779195019e-01
9.527208378779195019e-01
9.527208378779195019e-01
9.520675025929450364e-01
9.520675025929450364e-01
9.520647410417756307e-01
9.520618690434442533e-01
9.520221044725739601e-01
9.520192326995523535e-01
9.520079666596266144e-01
9.520079666596266144e-01
9.520050949613131364e-01
9.520050949613131364e-01
9.519937187671254630e-01
9.510351090241112582e-01
9.510351090241112582e-01
9.510351090241112582e-01
9.508878315376234625e-01
9.508878315376234625e-01
9.508849657552773671e-01
9.508849657552773671e-01
9.500442918101825729e-01
9.500442918101825729e-01
9.500415405298072713e-01
9.492360159280206489e-01
9.492360159280206489e-01
9.492332687454101414e-01
9.492332687454101414e-01
9.490468225315813466e-01
9.490468225315813466e-01
9.490468225315813466e-01
9.489876170283565449e-01
9.489876170283565449e-01
9.489876170283565449e-01
9.489876170283565449e-01
9.480258576266948900e-01
9.480258576266948900e-01
9.480258576266948900e-01
9.470405215069208626e-01
9.470405215069208626e-01
9.470405215069208626e-01
9.470236675502078372e-01
9.470236675502078372e-01
9.470208221288023420e-01
9.469701542460116084e-01
9.469617282980777873e-01
9.469589926289192494e-01
9.464585979808738392e-01
9.464585979808738392e-01
9.460289017342040641e-01
9.460289017342040641e-01
9.460289017342040641e-01
9.451173117290724290e-01
9.451144763254248904e-01
9.451144763254248904e-01
9.451144763254248904e-01
9.449939854295795749e-01
9.449939854295795749e-01
9.439945666686000436e-01
9.439945666686000436e-01
9.439945666686000436e-01
9.435779176256028355e-01
9.431421404910375061e-01
9.431421404910375061e-01
9.429719037484952660e-01
9.429690795973503237e-01
9.429690795973503237e-01
9.419622360287123186e-01
9.419622360287123186e-01
9.419622360287123186e-01
9.418591402797026335e-01
9.418536120432133840e-01
9.418536120432133840e-01
9.418536120432133840e-01
9.418536120432133840e-01
9.411074960555035895e-01
9.411074960555035895e-01
9.409100914089388867e-01
9.409100914089388867e-01
9.406959935943564055e-01
9.406931813553518484e-01
9.406903691310508631e-01
9.398765240061127679e-01
9.398765240061127679e-01
9.391304478923789834e-01
9.388367482631989613e-01
9.388367482631989613e-01
9.388367482631989613e-01
9.377933878435783521e-01
9.377933878435783521e-01
9.376386019422199292e-01
9.376386019422199292e-01
9.370915622035136394e-01
9.366113069442444372e-01
9.366113069442444372e-01
9.365975671519458645e-01
9.365947762996825743e-01
9.365919854619543239e-01
9.350301118454178440e-01
9.350301118454178440e-01
9.345901977309777342e-01
9.345875242619715584e-01
9.329492796663780840e-01
9.329492796663780840e-01
9.314253176453775040e-01
9.314253176453775040e-01
9.313050977413021014e-01
9.312887303722192645e-01
9.312859670997339911e-01
9.312832038415675973e-01
9.308463640721269527e-01
9.308463640721269527e-01
9.287273846577468461e-01
9.286974525576979778e-01
9.283469598591762573e-01
9.283442118095186490e-01
9.265463368959436785e-01
9.265435981429371859e-01
9.265435981429371859e-01
9.260971596634416381e-01
9.259619334394456613e-01
9.259457296516125924e-01
9.259457296516125924e-01
9.259429939959956668e-01
9.259402583544826815e-01
9.251593888477469552e-01
9.251593888477469552e-01
9.244335928312154005e-01
9.244335928312154005e-01
9.244281371147398119e-01
9.244011741100898183e-01
9.222566155666686027e-01
9.222271508962797126e-01
9.221680175403871305e-01
9.219238229595411172e-01
9.219211079994397151e-01
9.219211079994397151e-01
9.219183930532817151e-01
9.217252499782068176e-01
9.217225360378353827e-01
9.205542277929066319e-01
9.205542277929066319e-01
9.205407924266517661e-01
9.205381887130512641e-01
9.199924214795200950e-01
9.199897164294742469e-01
9.186465015425215874e-01
9.178603665576468007e-01
9.178337367062542329e-01
9.177723999148952316e-01
9.173572175760246195e-01
9.173546295388118610e-01
9.155618014680442229e-01
9.153762332905616139e-01
9.153762332905616139e-01
9.153284851010310419e-01
9.153259070285273413e-01
9.153259070285273413e-01
9.153205446782424204e-01
9.151429992967217153e-01
9.133287184015691507e-01
9.130146610186465894e-01
9.130119916183576656e-01
9.119708336927935255e-01
9.119708336927935255e-01
9.110657217935239638e-01
9.110657217935239638e-01
9.097240931764933869e-01
9.088673685995205531e-01
9.088673685995205531e-01
9.085010087535619894e-01
9.085010087535619894e-01
9.085010087535619894e-01
9.085010087535619894e-01
9.084984640728944738e-01
9.065297552735823716e-01
9.051477372431049329e-01
9.051451077475354268e-01
9.051451077475354268e-01
9.051425793989407165e-01
9.043322197385625927e-01
9.043296953380003389e-01
9.042647719665539707e-01
9.042647719665539707e-01
9.038264737352774691e-01
9.038264737352774691e-01
9.038264737352774691e-01
9.038264737352774691e-01
9.038264737352774691e-01
9.038238509118626807e-01
9.038238509118626807e-01
9.038238509118626807e-01
9.019554321527575302e-01
9.019554321527575302e-01
9.016842124294853766e-01
9.016817008680492185e-01
9.016790888570572760e-01
8.997025608921952466e-01
8.997025608921952466e-01
8.993734048698832639e-01
8.993734048698832639e-01
8.988827609068091862e-01
8.988801629720025721e-01
8.981103505480529936e-01
8.981103505480529936e-01
8.973186703903933692e-01
8.949889681155722698e-01
8.949889681155722698e-01
8.946653784640927753e-01
8.946552695612618455e-01
8.945737118464363036e-01
8.935382696605800312e-01
8.935357973873223614e-01
8.911091175810341714e-01
8.911071490855373423e-01
8.902653252861787436e-01
8.902653252861787436e-01
8.899215190289845312e-01
8.899215190289845312e-01
8.899215190289845312e-01
8.899215190289845312e-01
8.899195550838330249e-01
8.899195550838330249e-01
8.899195550838330249e-01
8.899195550838330249e-01
8.899195550838330249e-01
8.882509596973916510e-01
8.879593667386018740e-01
8.879574102998349927e-01
8.876073281779102153e-01
8.876053730843550538e-01
8.856666706890662377e-01
8.855994798022773784e-01
8.851089621345487046e-01
8.851089621345487046e-01
8.839303397248130523e-01
8.839303397248130523e-01
8.831903570101116152e-01
8.831855113857312034e-01
8.830430706180810718e-01
8.830411329230083428e-01
8.829839742335571229e-01
8.829810680308395332e-01
8.809314884102290577e-01
8.809314884102290577e-01
8.809314884102290577e-01
8.809285939040419899e-01
8.809237697636815856e-01
8.809208753014360349e-01
8.809208753014360349e-01
8.809189456690933451e-01
8.809160512343101601e-01
8.808639542257252764e-01
8.808620248094042315e-01
8.802970210239712268e-01
8.801457529214343767e-01
8.801428628865982651e-01
8.801428628865982651e-01
8.801428628865982651e-01
8.801428628865982651e-01
8.801428628865982651e-01
8.801428628865982651e-01
8.801428628865982651e-01
8.801409362058406627e-01
8.801380461984037451e-01
8.784847710159996437e-01
8.778830821745423618e-01
8.778802049962075582e-01
8.777938972388139582e-01
8.777871850291195654e-01
8.766569671674440123e-01
8.766493132737639415e-01
8.760603106993534173e-01
8.760603106993534173e-01
8.752353307397086057e-01
8.737196968543400333e-01
8.737196968543400333e-01
8.729849527265677311e-01
8.729821032798622538e-01
8.727475540296897316e-01
8.727456552905090703e-01
8.726839501577741132e-01
8.726792039217609043e-01
8.726773054398612173e-01
8.713321312560473597e-01
8.713302378411406091e-01
8.702842684853170363e-01
8.692970389495400241e-01
8.692951531765812367e-01
8.689388690556314465e-01
8.689369846260103225e-01
8.688465403135287035e-01
8.688295838171070651e-01
8.688229897785832989e-01
8.688229897785832989e-01
8.688182798040461341e-01
8.688126278928783863e-01
8.688126278928783863e-01
8.688107439366166140e-01
8.688060340768660739e-01
8.688032081822064656e-01
8.687984983930917560e-01
8.687909628223323688e-01
8.687890789473010633e-01
8.687862531479971784e-01
8.677493168735080920e-01
8.677464969187235200e-01
8.676308924115576637e-01
8.676308924115576637e-01
8.665428844284398524e-01
8.665428844284398524e-01
8.665428844284398524e-01
8.655985431445989420e-01
8.655891835900856313e-01
8.652935117250128982e-01
8.627082252621722791e-01
8.627063641233155833e-01
8.627063641233155833e-01
8.627035724280340823e-01
8.627035724280340823e-01
8.626989196372402136e-01
8.619485268290293378e-01
8.619466685199588252e-01
8.601658778349854373e-01
8.580926147102392321e-01
8.580926147102392321e-01
8.579147021576549736e-01
8.579128588375463105e-01
8.579100938701995638e-01
8.578888962981393584e-01
8.578870530737225941e-01
8.567317759576869030e-01
8.567133869018314085e-01
8.567133869018314085e-01
8.567133869018314085e-01
8.566986761475091638e-01
8.566968373338653686e-01
8.551042278595115675e-01
8.543963114220339827e-01
8.543935659796227933e-01
8.532071303753603342e-01
8.532071303753603342e-01
8.532025656244808243e-01
8.532025656244808243e-01
8.531669620129302967e-01
8.531651362557587381e-01
8.531578332944479426e-01
8.531560075709637703e-01
8.505048811901952943e-01
8.505021572724668077e-01
8.502434536379912533e-01
8.502434536379912533e-01
8.502407311632207421e-01
8.485882434538896124e-01
8.485882434538896124e-01
8.485204142439870534e-01
8.485204142439870534e-01
8.485204142439870534e-01
8.468727780025279150e-01
8.468682715026150110e-01
8.468682715026150110e-01
8.468268136414708325e-01
8.468268136414708325e-01
8.450186928438254697e-01
8.446641471563196557e-01
8.446587636272118171e-01
8.446569691306380356e-01
8.446542773980858509e-01
8.446453050629161297e-01
8.446408189568710423e-01
8.440391554803884366e-01
8.440391554803884366e-01
8.440364671367820426e-01
8.437309881215380170e-01
8.437077042761716994e-01
8.436942717916374734e-01
8.430472622876815647e-01
8.429882417238004910e-01
8.427602745383724336e-01
8.427602745383724336e-01
8.427602745383724336e-01
8.427558056543239529e-01
8.427558056543239529e-01
8.427468680085933306e-01
8.427468680085933306e-01
8.427075443055430659e-01
8.426986075407706389e-01
8.426959265431488433e-01
8.426941392195570479e-01
8.426869899904395611e-01
8.399938163013950243e-01
8.399911500945962395e-01
8.396801925370455111e-01
8.396784162057849832e-01
8.396713109453890489e-01
8.396713109453890489e-01
8.396695346464511100e-01
8.396695346464511100e-01
8.396695346464511100e-01
8.391875084976501142e-01
8.391875084976501142e-01
8.354848348773717959e-01
8.354830737810459151e-01
8.354399289143223939e-01
8.354355265922488449e-01
8.354038310504543485e-01
8.354038310504543485e-01
8.354038310504543485e-01
8.347316683046974717e-01
8.347316683046974717e-01
8.347316683046974717e-01
8.326778464023527615e-01
8.326760954621650335e-01
8.326760954621650335e-01
8.326708426795578211e-01
8.316886983876530248e-01
8.316869510192762549e-01
8.313026832260161925e-01
8.313009372505375527e-01
8.312983182991300346e-01
8.312625273835709816e-01
8.312599086400140891e-01
8.312581628188487892e-01
8.295607182219828513e-01
8.295563689918230565e-01
8.278978224365576288e-01
8.278934881639298249e-01
8.272498479271810368e-01
8.272385940348040423e-01
8.272368626900697963e-01
8.272325343554446375e-01
8.272325343554446375e-01
8.272299373733279504e-01
8.246451063445121576e-01
8.246209983355781148e-01
8.246123886254129731e-01
8.246055009683178616e-01
8.242603835742801088e-01
8.241038284949290249e-01
8.233570236939284914e-01
8.233544475523698614e-01
8.233544475523698614e-01
8.207271300415904802e-01
8.207117579610143654e-01
8.206963863740208698e-01
8.206869928693866223e-01
8.203054308663473293e-01
8.202021968061831148e-01
8.196633525505153672e-01
8.196633525505153672e-01
8.191778897802991510e-01
8.165073174152387425e-01
8.164988524175862405e-01
8.164963129476050518e-01
8.164946199751340616e-01
8.164920805277021687e-01
8.164895410937996756e-01
8.164895410937996756e-01
8.164895410937996756e-01
8.164895410937996756e-01
8.164853087340274707e-01
8.164836158006413269e-01
8.164506048014035233e-01
8.159836172601557802e-01
8.159810805344631657e-01
8.159768526883260931e-01
8.156159330002817898e-01
8.140789639314046644e-01
8.126115923415351272e-01
8.126115923415351272e-01
8.125083324009318986e-01
8.125058141463826766e-01
8.093217121889010324e-01
8.093217121889010324e-01
8.093217121889010324e-01
8.090091424416124832e-01
8.089708147715257702e-01
8.089683152487577855e-01
8.089574841360823720e-01
8.089533183895651902e-01
8.088208667842737842e-01
8.088208667842737842e-01
8.087650649522536428e-01
8.060586915672863784e-01
8.055952092090280514e-01
8.055612935782061612e-01
8.055588120425151155e-01
8.055464045600705392e-01
8.050338476045690861e-01
8.050297163468256301e-01
8.035456381921762814e-01
8.028773125149613055e-01
8.028756675652261032e-01
8.028756675652261032e-01
8.023791560581987614e-01
8.023725832670691727e-01
8.013303177286156265e-01
8.013286781896291622e-01
7.999379565798817593e-01
7.999379565798817593e-01
7.982230528752654042e-01
7.974801414172094649e-01
7.973549473660180853e-01
7.973256860613259223e-01
7.973045540365932826e-01
7.972232859259804627e-01
7.972192228915570000e-01
7.956033167872156309e-01
7.945291479168206106e-01
7.945291479168206106e-01
7.945251082818168831e-01
7.937049806544772546e-01
7.930070739697206994e-01
7.921076275199842032e-01
7.921036088583446322e-01
7.902691099979433087e-01
7.902563012406977894e-01
7.902402907917036590e-01
7.900202031651145651e-01
7.900162025388748344e-01
7.900162025388748344e-01
7.896418967185326876e-01
7.896418967185326876e-01
7.890857954139360864e-01
7.890857954139360864e-01
7.890810043386095041e-01
7.880130344283104993e-01
7.867131080144521560e-01
7.866908644885055590e-01
7.866908644885055590e-01
7.866821262535068637e-01
7.866725938220364700e-01
7.866662389770119335e-01
7.861986035707908549e-01
7.861986035707908549e-01
7.861970164812053241e-01
7.861970164812053241e-01
7.859891549071771344e-01
7.859828094613200422e-01
7.859724982978564256e-01
7.859621873647382184e-01
7.828682426688439167e-01
7.826981023933498038e-01
7.824571780266100784e-01
7.824571780266100784e-01
7.824414357296661793e-01
7.786475810942100617e-01
7.786475810942100617e-01
7.775038407769410131e-01
7.756683078319729363e-01
7.756605523951114467e-01
7.750730735753670331e-01
7.750707499634867936e-01
7.747966468376563665e-01
7.747865840389401848e-01
7.747842618861544572e-01
7.724310480062162032e-01
7.724310480062162032e-01
7.712927855078087758e-01
7.712904811117514692e-01
7.691715545986356206e-01
7.677982102097371531e-01
7.677959235055359377e-01
7.677905879073324558e-01
7.677905879073324558e-01
7.677860145875117226e-01
7.677844901578416703e-01
7.677844901578416703e-01
7.677806791061321245e-01
7.677745814901514310e-01
7.677684839563286845e-01
7.677608621545823908e-01
7.677608621545823908e-01
7.677585756390897798e-01
7.677570513018465714e-01
7.675985482584305464e-01
7.675962625629719760e-01
7.671484890619806318e-01
7.666943150170211219e-01
7.639145804433258302e-01
7.639145804433258302e-01
7.639009778739024314e-01
7.637634638439594337e-01
7.637362682376518386e-01
7.637340020112219907e-01
7.637302249925032038e-01
7.637279587964703742e-01
7.637264480054478666e-01
7.637241818284127293e-01
7.637241818284127293e-01
7.637226710500553128e-01
7.637226710500553128e-01
7.625412844949990276e-01
7.618140800207778840e-01
7.602469925335590961e-01
7.602432446900045937e-01
7.586263511964144168e-01
7.568121559228264683e-01
7.565979794723578511e-01
7.565942620372358984e-01
7.558113162461763679e-01
7.532765552948300636e-01
7.528878116268352683e-01
7.528878116268352683e-01
7.516500794541429720e-01
7.505705251251535426e-01
7.505705251251535426e-01
7.493597044222370940e-01
7.493465376145101997e-01
7.493319082866863878e-01
7.493297139291418274e-01
7.493282510301453314e-01
7.493260566906999598e-01
7.493238623621141237e-01
7.493238623621141237e-01
7.465414407730781576e-01
7.457317359452012573e-01
7.457237552142866877e-01
7.430972460851623662e-01
7.430914764756068047e-01
7.427821918526117395e-01
7.425249807058865725e-01
7.420736037368678151e-01
7.420714451514407450e-01
7.413604084687749340e-01
7.385719741147780404e-01
7.385719741147780404e-01
7.380882760860559832e-01
7.380847109752828317e-01
7.380754418231292302e-01
7.364016615666539867e-01
7.363178564470777010e-01
7.363178564470777010e-01
7.363178564470777010e-01
7.363178564470777010e-01
7.363157260179423735e-01
7.363157260179423735e-01
7.363157260179423735e-01
7.363157260179423735e-01
7.362376174553577624e-01
7.362376174553577624e-01
7.362376174553577624e-01
7.362354874174243946e-01
7.362354874174243946e-01
7.362319373772785447e-01
7.350202211987704182e-01
7.350188051262835920e-01
7.343544663348255952e-01
7.330633558162057417e-01
7.330612412252324184e-01
7.330541926628366678e-01
7.330429152003800075e-01
7.330415055381147571e-01
7.330069702384750530e-01
7.329745518381427516e-01
7.314234093802669534e-01
7.314213027476165196e-01
7.313925131249641165e-01
7.313925131249641165e-01
7.313763636839953897e-01
7.313742572794248442e-01
7.313742572794248442e-01
7.312731618676098222e-01
7.297210761908170529e-01
7.279738440827668855e-01
7.279717541408489145e-01
7.270934793923048423e-01
7.267328041354607082e-01
7.244748442830193369e-01
7.244734622284131342e-01
7.234816000100330324e-01
7.234767739773877437e-01
7.233933611038645406e-01
7.233912932213785174e-01
7.232410536737050588e-01
7.232389865227030201e-01
7.212021656144511628e-01
7.186190353041844725e-01
7.186088103276847550e-01
7.167485287070928246e-01
7.139735491774241716e-01
7.139701777043974129e-01
7.139256767619195365e-01
7.139202830242867837e-01
7.139061247880511552e-01
7.129269788306986655e-01
7.129195798426419817e-01
7.113063167174558110e-01
7.105424426802675608e-01
7.105029808697798099e-01
7.050347966589373128e-01
7.050328160094783136e-01
7.049634991428633812e-01
7.049568981311832294e-01
7.049298350644156441e-01
7.039975518112191466e-01
7.039975518112191466e-01
7.028735176975363652e-01
7.015402873943629158e-01
6.976631460509263860e-01
6.976579563282483409e-01
6.969320309734263752e-01
6.969300882245624829e-01
6.969281454847418011e-01
6.962468019958484300e-01
6.962164165833053531e-01
6.961685802078135810e-01
6.961685802078135810e-01
6.961537132629801450e-01
6.961420786324098442e-01
6.949177351027413518e-01
6.918076165234614550e-01
6.913473183871320371e-01
6.885080041866667999e-01
6.885016584369306747e-01
6.878707432716677506e-01
6.878625065349025514e-01
6.878023199849309099e-01
6.878023199849309099e-01
6.877896502503467735e-01
6.871712068189145262e-01
6.871661466233509596e-01
6.850941659925510185e-01
6.823893396780852383e-01
6.806910225479861909e-01
6.806810605784580082e-01
6.806555341383201396e-01
6.806430827940466166e-01
6.798339358788442199e-01
6.797332932226334279e-01
6.797270815248454001e-01
6.796792546132638391e-01
6.796792546132638391e-01
6.788881281457163075e-01
6.730217693298484738e-01
6.730217693298484738e-01
6.727346925863726401e-01
6.720416606758254918e-01
6.719758355213601986e-01
6.719740071975867091e-01
6.719557244138948393e-01
6.719557244138948393e-01
6.719538961809286004e-01
6.719447551399194696e-01
6.719447551399194696e-01
6.719447551399194696e-01
6.719429269564817231e-01
6.719410987812982627e-01
6.719398800024286578e-01
6.719398800024286578e-01
6.719337861631092812e-01
6.719319580291978067e-01
6.719319580291978067e-01
6.719289111576879359e-01
6.683893740035623532e-01
6.667562993554868589e-01
6.650100084702407210e-01
6.647896357330653760e-01
6.647836490318308478e-01
6.644898118035620360e-01
6.644868206776682884e-01
6.637940789096479222e-01
6.605898729652616153e-01
6.605869108464199613e-01
6.605869108464199613e-01
6.605869108464199613e-01
6.605869108464199613e-01
6.605869108464199613e-01
6.605869108464199613e-01
6.605857260050370661e-01
6.605857260050370661e-01
6.605857260050370661e-01
6.605857260050370661e-01
6.605857260050370661e-01
6.605857260050370661e-01
6.605857260050370661e-01
6.605839487495560602e-01
6.605809866746700232e-01
6.605809866746700232e-01
6.605780246217616281e-01
6.605780246217616281e-01
6.592431942234209252e-01
6.574053024519657118e-01
6.570070348681567030e-01
6.570052735086518991e-01
6.547261747233548146e-01
6.545849308351500140e-01
6.504719493659569807e-01
6.504655968453950665e-01
6.501631044223493694e-01
6.497691734983555012e-01
6.497438093141002513e-01
6.495956920516045008e-01
6.487570287715586081e-01
6.457201668197165567e-01
6.439684622214384424e-01
6.428799551427716308e-01
6.422500200749526877e-01
6.421934719026043403e-01
6.414066075375017828e-01
6.376842905180234444e-01
6.376826137553847085e-01
6.370509904721635142e-01
6.370409464298835145e-01
6.351228551813087320e-01
6.351145267317470644e-01
6.348275824975200265e-01
6.326433777174503836e-01
6.316367764608348256e-01
6.316296234243607977e-01
6.316268722919000655e-01
6.312622463110389992e-01
6.283559962770369767e-01
6.277884928946150245e-01
6.277846796753331349e-01
6.259017879860235833e-01
6.258990776628370334e-01
6.255382344822281171e-01
6.241160696792033002e-01
6.213952378283686961e-01
6.213941664547185662e-01
6.213116797640734212e-01
6.213020396326299766e-01
6.213004329678625259e-01
6.206882535721441885e-01
6.205952288788221249e-01
6.205348285119175467e-01
6.205289493440849791e-01
6.198785285735132211e-01
6.152707172349024534e-01
6.152638652763426919e-01
6.141696813248950226e-01
6.135086105124747391e-01
6.103896664487469259e-01
6.103855043360616461e-01
6.087352427457678461e-01
6.079037951117135519e-01
6.067041341774008778e-01
6.059198683611485281e-01
6.059167839665996480e-01
6.032261796105781171e-01
6.014158104946353278e-01
6.014092083925470789e-01
6.002971704482673587e-01
5.996420653875554896e-01
5.996329678768829163e-01
5.979135361088959710e-01
5.978592100635155004e-01
5.978541802800959593e-01
5.970663605228111459e-01
5.970638510423198486e-01
5.954278139029632877e-01
5.953883427868619238e-01
5.935742729088331338e-01
5.935578677471653464e-01
5.935489197874858069e-01
5.931097449172443303e-01
5.931047798940272120e-01
5.927182118607088324e-01
5.925615178108524228e-01
5.925550729768462865e-01
5.924836916566876832e-01
5.924772481966971149e-01
5.924405722064185476e-01
5.924390854196818212e-01
5.924390854196818212e-01
5.872589871255720073e-01
5.871451647005625496e-01
5.871436994089234140e-01
5.871436994089234140e-01
5.871436994089234140e-01
5.861623101908642886e-01
5.858954738101990189e-01
5.858954738101990189e-01
5.832050401615193058e-01
5.831939282574083450e-01
5.831924789038770429e-01
5.831823335924098961e-01
5.827111331428858065e-01
5.827111331428858065e-01
5.819096758556487892e-01
5.819024549548027503e-01
5.805268753728863862e-01
5.795532745307392375e-01
5.768541942465308381e-01
5.768447012826971587e-01
5.767312798898019954e-01
5.767274839809852782e-01
5.767274839809852782e-01
5.767274839809852782e-01
5.730178721285384968e-01
5.718852041838500266e-01
5.718819276960322995e-01
5.718720984142509067e-01
5.718720984142509067e-01
5.718276360202334541e-01
5.718206161519377995e-01
5.715810879656375576e-01
5.715810879656375576e-01
5.715787496211294227e-01
5.673174184904882233e-01
5.673174184904882233e-01
5.673137220248947177e-01
5.673137220248947177e-01
5.673114117535982270e-01
5.666079465584128450e-01
5.665950351445201427e-01
5.665724413101813628e-01
5.665701358984549518e-01
5.665687526586697942e-01
5.665604533341550564e-01
5.665318682703094355e-01
5.665263359455477987e-01
5.621860004564503965e-01
5.615390872193523064e-01
5.615359056564225293e-01
5.615345421383240998e-01
5.608262330222872905e-01
5.608216972124778765e-01
5.608121722037975321e-01
5.607994725966847227e-01
5.602370717344001827e-01
5.567618915086751663e-01
5.567583050020568081e-01
5.566422118821102716e-01
5.566408674018014091e-01
5.566408674018014091e-01
5.539711908717180888e-01
5.519315379302562885e-01
5.519280011987407475e-01
5.519266749337859990e-01
5.505118127695652896e-01
5.505096114112207895e-01
5.505052087368335068e-01
5.504867181202953708e-01
5.477977225004212469e-01
5.470376568169988962e-01
5.470332985107535517e-01
5.468694665028955848e-01
5.444944747600529711e-01
5.429182846608108237e-01
5.422008059342836583e-01
5.417065939633742833e-01
5.404966513689298813e-01
5.404812604837803125e-01
5.404197039393120461e-01
5.375170809687316309e-01
5.375136907478765824e-01
5.356963692102283403e-01
5.312235187407738923e-01
5.312039719036767416e-01
5.311794360049871822e-01
5.297759968166251277e-01
5.280330642659425422e-01
5.239370519142225735e-01
5.222860358409822101e-01
5.222767246666528695e-01
5.222362443613824956e-01
5.222317918316757845e-01
5.222245060038749331e-01
5.199077248034335019e-01
5.182028021141869001e-01
5.139397525188471594e-01
5.139306759443532657e-01
5.139022639589840846e-01
5.138908209445062214e-01
5.138738544579465328e-01
5.138718816681737689e-01
5.125249011370871521e-01
5.124329702900075612e-01
5.068752243766579957e-01
5.058555996290654555e-01
4.984428871787663917e-01
4.983932544944931209e-01
4.983797196568742760e-01
4.980002277480022888e-01
4.911272082148425699e-01
4.911139819994572719e-01
4.854163269080599141e-01
4.844298553670269292e-01
4.844269787021209250e-01
4.839099729867106237e-01
4.826117543888361894e-01
4.826042474748935551e-01
4.825777959950205975e-01
4.825649285270398048e-01
4.825631414211314363e-01
4.802550064791573647e-01
4.802550064791573647e-01
4.779823796201981279e-01
4.779770976429031926e-01
4.778954146586292806e-01
4.751754060170911842e-01
4.751726147115490351e-01
4.718879609142841991e-01
4.718845093187191142e-01
4.712163312150712824e-01
4.701824973219808079e-01
4.701814676576344665e-01
4.661336993354771585e-01
4.661215085959726223e-01
4.652636455134658844e-01
4.652636455134658844e-01
4.608082049525936141e-01
4.608048784271115972e-01
4.603262470341251689e-01
4.593550714106487964e-01
4.588126781099424734e-01
4.588116868361536427e-01
4.586293488944428454e-01
4.586072249336974882e-01
4.574781299106683852e-01
4.574689197829689968e-01
4.574672751475102883e-01
4.574656305212034813e-01
4.574646437498124385e-01
4.556525863373480090e-01
4.556225122010331696e-01
4.556107448964629159e-01
4.509653571347308487e-01
4.508543821808080332e-01
4.508527741580664605e-01
4.475668870557898971e-01
4.465260503689595928e-01
4.465254166576309580e-01
4.462679277338076345e-01
4.421980460965002635e-01
4.421964853992587097e-01
4.419222464310640364e-01
4.418059533060565980e-01
4.380375784861813560e-01
4.380345021175661158e-01
4.373569720060334620e-01
4.366550252865550319e-01
4.365778861065333638e-01
4.345549656448849940e-01
4.345534461797491144e-01
4.343541629702302176e-01
4.343456600974411885e-01
4.343432307520838087e-01
4.343159020520547808e-01
4.343113475249942845e-01
4.328706394971492677e-01
4.308352617989710809e-01
4.308346619636304609e-01
4.286448204772878579e-01
4.286439277141729787e-01
4.275038138809782451e-01
4.274955154217863207e-01
4.266991215544678195e-01
4.266884828280963493e-01
4.258437044315102060e-01
4.245307305215524907e-01
4.245239861919103963e-01
4.243988059441058946e-01
4.243967542783301239e-01
4.201346800089325040e-01
4.201338141589240904e-01
4.171593046659930470e-01
4.168562597941598558e-01
4.161097812389382700e-01
4.161089279839003119e-01
4.134667085392771391e-01
4.134638917802104241e-01
4.134638917802104241e-01
4.134329093542710720e-01
4.134272765648208670e-01
4.120647586020209086e-01
4.120647586020209086e-01
4.107425077039101868e-01
4.084101362621725406e-01
4.080841026691951479e-01
4.080841026691951479e-01
4.041804812583686957e-01
4.041750384523261630e-01
4.003277062968363942e-01
3.998988824521217400e-01
3.967708375988321379e-01
3.967655447695962456e-01
3.965486303825769276e-01
3.965433420212632343e-01
3.936193863382674296e-01
3.936193863382674296e-01
3.936089271937445733e-01
3.936063124729849427e-01
3.936063124729849427e-01
3.928986855822501623e-01
3.928986855822501623e-01
3.921955720443621174e-01
3.891011112862370336e-01
3.890985414668833298e-01
3.855687207937709693e-01
3.855687207937709693e-01
3.855687207937709693e-01
3.855661859118362234e-01
3.845769588983820597e-01
3.837148174837385350e-01
3.819642040447165932e-01
3.819642040447165932e-01
3.760791652847715327e-01
3.760645130327095464e-01
3.760645130327095464e-01
3.760620710735584349e-01
3.760596291380804423e-01
3.717718008102242622e-01
3.712059215121972788e-01
3.603994969532883785e-01
3.603994969532883785e-01
3.603834518388908670e-01
3.603765756852676527e-01
3.594272441612128000e-01
3.592537919835641080e-01
3.500878548338663965e-01
3.500637002472841153e-01
3.500549173702747208e-01
3.489989531899038155e-01
3.489814664282144263e-01
3.444161239369192828e-01
3.443003861789029618e-01
3.403948274550792630e-01
3.403042367337038021e-01
3.400831753621481046e-01
3.357388161133194604e-01
3.320088725559421916e-01
3.313536003271591590e-01
3.313333434045418469e-01
3.302481957553353165e-01
3.283291402938180448e-01
3.247655968228662648e-01
3.228868442389388194e-01
3.228185757598489580e-01
3.217368892820480220e-01
3.186686344476581390e-01
3.177023108407706076e-01
3.158654869246085850e-01
3.150582381295434775e-01
3.150224715733945247e-01
3.133592553546587500e-01
3.108927569507768940e-01
3.077414747941268347e-01
3.077214581553733286e-01
3.057310335040012705e-01
3.009859698896081848e-01
3.009612952964568766e-01
3.009577705917537704e-01
2.950657710036771464e-01
2.946020504887537084e-01
2.946003412753075978e-01
2.945900862926856267e-01
2.887537002608554504e-01
2.887254662299729713e-01
2.848503153371982899e-01
2.832084964063469323e-01
2.832052650494351620e-01
2.831454944037076760e-01
2.780416269533508844e-01
2.780416269533508844e-01
2.780132971856262292e-01
2.758846045897238586e-01
2.732023156487711213e-01
2.732007803215124597e-01
2.731992450064563149e-01
2.731823573461679699e-01
2.731746816249931431e-01
2.687091051987428036e-01
2.687076054159255878e-01
2.687076054159255878e-01
2.686671157430986501e-01
2.686626174218395557e-01
2.686461244861604869e-01
2.686416266606699854e-01
2.686416266606699854e-01
2.686416266606699854e-01
2.686386281693577960e-01
2.672107351706702882e-01
2.645041700167796161e-01
2.645027031959606978e-01
2.644323092564684341e-01
2.644308429964241647e-01
2.644293767478211321e-01
2.644293767478211321e-01
2.644088504686416541e-01
2.644059183260827894e-01
2.605548978720174658e-01
2.605534617437937350e-01
2.595366089245522145e-01
2.568215745424166641e-01
2.568215745424166641e-01
2.568201671927159979e-01
2.568117233214225470e-01
2.567990582437979508e-01
2.567990582437979508e-01
2.534222797473212885e-01
2.534208984023430533e-01
2.534167544305808151e-01
2.521106181818238978e-01
2.503420410616927771e-01
2.503420410616927771e-01
2.503420410616927771e-01
2.503420410616927771e-01
2.503338935489368144e-01
2.503338935489368144e-01
2.473298345721739733e-01
2.473258289696228240e-01
2.473231586181421082e-01
2.455800264025075341e-01
2.453989946790499643e-01
2.452207874031130941e-01
2.444046624933806089e-01
2.443980962119258471e-01
2.443941565608472033e-01
2.443941565608472033e-01
2.443941565608472033e-01
2.418234785721495306e-01
2.418195964922318641e-01
2.418195964922318641e-01
2.394445821168117994e-01
2.394407529437945215e-01
2.394369238557158275e-01
2.391741961583629950e-01
2.390200618862251825e-01
2.370929868128885121e-01
2.352508772200973541e-01
2.352483861599444781e-01
2.335493131521165222e-01
2.333903184924267515e-01
2.279541446067243349e-01
2.231233806986214485e-01
2.183995534304193353e-01
2.142228905541161688e-01
2.101695737172017409e-01
2.064750479342322698e-01
2.064740065268680647e-01
2.029802158241770238e-01
2.029751282845738969e-01
1.998658281417450833e-01
1.998648317409646435e-01
1.967680450017879612e-01
1.940399237310191649e-01
1.940360945438033835e-01
1.915224561376284163e-01
1.891052338650190678e-01
1.890959879870925675e-01
1.867471049851510412e-01
1.847747703841878530e-01
1.847729778984516791e-01
1.827684829611897488e-01
1.827658333685036052e-01
1.809594162014172003e-01
1.793326074043270768e-01
1.793326074043270768e-01
1.793326074043270768e-01
1.777534026866223749e-01
1.777499991973551241e-01
