9.882372666838813435e-01
9.882251323434442236e-01
9.876641460144591766e-01
9.876550659157871115e-01
9.876550659157871115e-01
9.876550659157871115e-01
9.870613912409137436e-01
9.864592557750234691e-01
9.864592557750234691e-01
9.858577387131582936e-01
9.858546821290039563e-01
9.858546821290039563e-01
9.858546821290039563e-01
9.852295935740918997e-01
9.852144446414410339e-01
9.845871068254611336e-01
9.845871068254611336e-01
9.845840568733271736e-01
9.845719745270183898e-01
9.839242338442629743e-01
9.839091186997760419e-01
9.839091186997760419e-01
9.839061894534457675e-01
9.832590690772516906e-01
9.832590690772516906e-01
9.825977008473075758e-01
9.825977008473075758e-01
9.825977008473075758e-01
9.825946612666344171e-01
9.825946612666344171e-01
9.825796974080387436e-01
9.818980799355088163e-01
9.818950439986683376e-01
9.818950439986683376e-01
9.818950439986683376e-01
9.812142259871678984e-01
9.812142259871678984e-01
9.811962652155918896e-01
9.811962652155918896e-01
9.811962652155918896e-01
9.804803847811804918e-01
9.804744441616509709e-01
9.804744441616509709e-01
9.804744441616509709e-01
9.804744441616509709e-01
9.797833001620607218e-01
9.797833001620607218e-01
9.797833001620607218e-01
9.797833001620607218e-01
9.797833001620607218e-01
9.797833001620607218e-01
9.790392915437101662e-01
9.790392915437101662e-01
9.782961177666382735e-01
9.775629335986822932e-01
9.775629335986822932e-01
9.767831012356943399e-01
9.767831012356943399e-01
9.760280121069756509e-01
9.760131006723663516e-01
9.752294612205902880e-01
9.744703979655244819e-01
9.744703979655244819e-01
9.736385336764016296e-01
9.736355406185749350e-01
9.728461448254903665e-01
9.728431558678097835e-01
9.728431558678097835e-01
9.720224676584214851e-01
9.720224676584214851e-01
9.711969835086278202e-01
9.711969835086278202e-01
9.711940030768009269e-01
9.711793304061661081e-01
9.711793304061661081e-01
9.711793304061661081e-01
9.703226583710490294e-01
9.703226583710490294e-01
9.695084032178428179e-01
9.695084032178428179e-01
9.695084032178428179e-01
9.695084032178428179e-01
9.695084032178428179e-01
9.695084032178428179e-01
9.686366350379467249e-01
9.686366350379467249e-01
9.686366350379467249e-01
9.677721112148492955e-01
9.677721112148492955e-01
9.677721112148492955e-01
9.669000106746260537e-01
9.669000106746260537e-01
9.669000106746260537e-01
9.669000106746260537e-01
9.669000106746260537e-01
9.666778418314869725e-01
9.661255793712407725e-01
9.661227387191418936e-01
9.661139895990178417e-01
9.661139895990178417e-01
9.660905835177786560e-01
9.660876294200289038e-01
9.660876294200289038e-01
9.660818348878412731e-01
9.660760404141600644e-01
9.660730863912699862e-01
9.660730863912699862e-01
9.660175308698595309e-01
9.660175308698595309e-01
9.660175308698595309e-01
9.651307345683433070e-01
9.651307345683433070e-01
9.651307345683433070e-01
9.650694859243517110e-01
9.650665370806694732e-01
9.642335294408564961e-01
9.642335294408564961e-01
9.642335294408564961e-01
9.633610213211644124e-01
9.633580812595955445e-01
9.633290206942540790e-01
9.633290206942540790e-01
9.624173593095954882e-01
9.624173593095954882e-01
9.616518917340607375e-01
9.616518917340607375e-01
9.615649741871742373e-01
9.615591125199227651e-01
9.615591125199227651e-01
9.615591125199227651e-01
9.615533636354621772e-01
9.615533636354621772e-01
9.614983576269107157e-01
9.614983576269107157e-01
9.614983576269107157e-01
9.605547254967912174e-01
9.605547254967912174e-01
9.599160497555273563e-01
9.599160497555273563e-01
9.599160497555273563e-01
9.596388268963895740e-01
9.596359059300154648e-01
9.586982633713078128e-01
9.586982633713078128e-01
9.581508498341154700e-01
9.581480485380906575e-01
9.577679844872263315e-01
9.577679844872263315e-01
9.568220078325383460e-01
9.568220078325383460e-01
9.568220078325383460e-01
9.568191012818605401e-01
9.563568135655979852e-01
9.563539093927646562e-01
9.563539093927646562e-01
9.563539093927646562e-01
9.558374261714986941e-01
9.558374261714986941e-01
9.558374261714986941e-01
9.547085163691593213e-01
9.547056206150150715e-01
9.547056206150150715e-01
9.547056206150150715e-01
9.545282281781721778e-01
9.545282281781721778e-01
9.538990606832142838e-01
9.538990606832142838e-01
9.526399321055302183e-01
9.526399321055302183e-01
9.526399321055302183e-01
9.526399321055302183e-01
9.519843703427488535e-01
9.519843703427488535e-01
9.519815993202457305e-01
9.519787174712404099e-01
9.519388164553578280e-01
9.519359348242871777e-01
9.519246301056805137e-01
9.519246301056805137e-01
9.519217485468730588e-01
9.519217485468730588e-01
9.519103332850786803e-01
9.509484006362625141e-01
9.509484006362625141e-01
9.509484006362625141e-01
9.508006072270763775e-01
9.508006072270763775e-01
9.507977313914547368e-01
9.507977313914547368e-01
9.499540848721486075e-01
9.499540848721486075e-01
9.499513237867350801e-01
9.491429069852085343e-01
9.491429069852085343e-01
9.491401498658431635e-01
9.491401498658431635e-01
9.489530281028196734e-01
9.489530281028196734e-01
9.489530281028196734e-01
9.488936076026187605e-01
9.488936076026187605e-01
9.488936076026187605e-01
9.488936076026187605e-01
9.479283234726484375e-01
9.479283234726484375e-01
9.479283234726484375e-01
9.469393134277712676e-01
9.469393134277712676e-01
9.469393134277712676e-01
9.469223960780683846e-01
9.469223960780683846e-01
9.469195399523184786e-01
9.468686813709118466e-01
9.468602236940273364e-01
9.468574777223723871e-01
9.463551903963208778e-01
9.463551903963208778e-01
9.459238558824311083e-01
9.459238558824311083e-01
9.459238558824311083e-01
9.450087506738584775e-01
9.450059042526036679e-01
9.450059042526036679e-01
9.450059042526036679e-01
9.448849446815333897e-01
9.448849446815333897e-01
9.438816023403171496e-01
9.438816023403171496e-01
9.438816023403171496e-01
9.434632985884411349e-01
9.430257788459144308e-01
9.430257788459144308e-01
9.428548580428335324e-01
9.428520225277675637e-01
9.428520225277675637e-01
9.418410950615248023e-01
9.418410950615248023e-01
9.418410950615248023e-01
9.417375774865723859e-01
9.417320266116330219e-01
9.417320266116330219e-01
9.417320266116330219e-01
9.417320266116330219e-01
9.409828373720844352e-01
9.409828373720844352e-01
9.407846136911204304e-01
9.407846136911204304e-01
9.405696247842048052e-01
9.405668008210750219e-01
9.405639768722089400e-01
9.397467176488184526e-01
9.397467176488184526e-01
9.389974749321752245e-01
9.387025191117259748e-01
9.387025191117259748e-01
9.387025191117259748e-01
9.376546522504549674e-01
9.376546522504549674e-01
9.374991919866466628e-01
9.374991919866466628e-01
9.369497569245031077e-01
9.364673833624731492e-01
9.364673833624731492e-01
9.364535827552482594e-01
9.364507795487058139e-01
9.364479763562777448e-01
9.348791125444855243e-01
9.348791125444855243e-01
9.344372022924591903e-01
9.344345166558585269e-01
9.327887332117468233e-01
9.327887332117468233e-01
9.312576105126916248e-01
9.312576105126916248e-01
9.311368196991668400e-01
9.311203745354568184e-01
9.311175981274413260e-01
9.311148217333481414e-01
9.306758994857239342e-01
9.306758994857239342e-01
9.285466546233449581e-01
9.285165755769145823e-01
9.281643581911289687e-01
9.281615965898636356e-01
9.263547588665081989e-01
9.263520063130890048e-01
9.263520063130890048e-01
9.259033122959519080e-01
9.257674005336349321e-01
9.257511145268222386e-01
9.257511145268222386e-01
9.257483649887898736e-01
9.257456154644887469e-01
9.249607650875413256e-01
9.249607650875413256e-01
9.242312366489858766e-01
9.242312366489858766e-01
9.242257527587568466e-01
9.241986504892663046e-01
9.220428785899447144e-01
9.220132579834822151e-01
9.219538115231207254e-01
9.217083218030009961e-01
9.217055924240100673e-01
9.217055924240100673e-01
9.217028630586073801e-01
9.215086930889481165e-01
9.215059647037674440e-01
9.203313985195265001e-01
9.203313985195265001e-01
9.203178907283556809e-01
9.203152729779255914e-01
9.197665548314748474e-01
9.197638351126923295e-01
9.184132843781371847e-01
9.176228080426064304e-01
9.175960305128952887e-01
9.175343534189018824e-01
9.171168619741733030e-01
9.171142595124013308e-01
9.153113477943480847e-01
9.151247255307691786e-01
9.151247255307691786e-01
9.150767058028060896e-01
9.150741130654520550e-01
9.150741130654520550e-01
9.150687202113101382e-01
9.148901639453572709e-01
9.130654518545706644e-01
9.127495701418620877e-01
9.127468852117645026e-01
9.116996399735686207e-01
9.116996399735686207e-01
9.107891874707281232e-01
9.107891874707281232e-01
9.094395597274161913e-01
9.085776756575989488e-01
9.085776756575989488e-01
9.082090972724757849e-01
9.082090972724757849e-01
9.082090972724757849e-01
9.082090972724757849e-01
9.082065371566795386e-01
9.062257819487473665e-01
9.048351830051531985e-01
9.048325370858868455e-01
9.048325370858868455e-01
9.048299929450077661e-01
9.040145541886660530e-01
9.040120139114120601e-01
9.039466821018479203e-01
9.039466821018479203e-01
9.035056206595660777e-01
9.035056206595660777e-01
9.035056206595660777e-01
9.035056206595660777e-01
9.035056206595660777e-01
9.035029812702001228e-01
9.035029812702001228e-01
9.035029812702001228e-01
9.016226693340045895e-01
9.016226693340045895e-01
9.013497079697241343e-01
9.013471802622977647e-01
9.013445514592086649e-01
8.993552150059148653e-01
8.993552150059148653e-01
8.990239062952275484e-01
8.990239062952275484e-01
8.985300431455907066e-01
8.985274281323935019e-01
8.977525398323882300e-01
8.977525398323882300e-01
8.969556079872735843e-01
8.946102668094987331e-01
8.946102668094987331e-01
8.942844833090871637e-01
8.942743057860821354e-01
8.941921942625746800e-01
8.931496921080792628e-01
8.931472029140898883e-01
8.907037684409686573e-01
8.907017862364677852e-01
8.898540824194729471e-01
8.898540824194729471e-01
8.895078647733759558e-01
8.895078647733759558e-01
8.895078647733759558e-01
8.895078647733759558e-01
8.895058870369648707e-01
8.895058870369648707e-01
8.895058870369648707e-01
8.895058870369648707e-01
8.895058870369648707e-01
8.878255068051952303e-01
8.875318405994497839e-01
8.875298702364503578e-01
8.871772935741647492e-01
8.871753245329043747e-01
8.852227015227093210e-01
8.851550249754297495e-01
8.846609553419763072e-01
8.846609553419763072e-01
8.834737518757311836e-01
8.834737518757311836e-01
8.827283483870468350e-01
8.827234671816283074e-01
8.825799799940744483e-01
8.825780280575002967e-01
8.825204491895199954e-01
8.825175216189898864e-01
8.804527750794287622e-01
8.804527750794287622e-01
8.804527750794287622e-01
8.804498590169151928e-01
8.804449989487620476e-01
8.804420829294921091e-01
8.804420829294921091e-01
8.804401389256540922e-01
8.804372229334103128e-01
8.803847378458018458e-01
8.803827940545566610e-01
8.798135734282173104e-01
8.796611738760472532e-01
8.796582622142635755e-01
8.796582622142635755e-01
8.796582622142635755e-01
8.796582622142635755e-01
8.796582622142635755e-01
8.796582622142635755e-01
8.796582622142635755e-01
8.796563211153972661e-01
8.796534094805826820e-01
8.779876997630088331e-01
8.773814548437240957e-01
8.773785558398327078e-01
8.772915932004409223e-01
8.772848300461322246e-01
8.761460052360569017e-01
8.761382928611882726e-01
8.755447820722587204e-01
8.755447820722587204e-01
8.747134618747153256e-01
8.731861017654365398e-01
8.731861017654365398e-01
8.724456369094265584e-01
8.724427652312169990e-01
8.722063848107267647e-01
8.722044712380033760e-01
8.721422839605538213e-01
8.721375006321014922e-01
8.721355873130509639e-01
8.707798611394448329e-01
8.707779528171303296e-01
8.697237248141015398e-01
8.687286577392496767e-01
8.687267569558231317e-01
8.683676341765340645e-01
8.683657347186893860e-01
8.682745689420274804e-01
8.682574771472187924e-01
8.682508304906229046e-01
8.682508304906229046e-01
8.682460829310515438e-01
8.682403859170763072e-01
8.682403859170763072e-01
8.682384869263597427e-01
8.682337394800657693e-01
8.682308910332012797e-01
8.682261436566143242e-01
8.682185479446923315e-01
8.682166490341380882e-01
8.682138006813758802e-01
8.671685657361172250e-01
8.671657231517322373e-01
8.670491906549661065e-01
8.670491906549661065e-01
8.659524217101575161e-01
8.659524217101575161e-01
8.659524217101575161e-01
8.650004366416570445e-01
8.649910011445487434e-01
8.646929283759480223e-01
8.620864974924878910e-01
8.620846210346577720e-01
8.620846210346577720e-01
8.620818063607629256e-01
8.620818063607629256e-01
8.620771152718719188e-01
8.613205344909303784e-01
8.613186608297623836e-01
8.595230955243625681e-01
8.574324745130876835e-01
8.574324745130876835e-01
8.572530646637044338e-01
8.572512058239863952e-01
8.572484175770874737e-01
8.572270415229804597e-01
8.572251827779275857e-01
8.560601521392712243e-01
8.560416074194104885e-01
8.560416074194104885e-01
8.560416074194104885e-01
8.560267721287517784e-01
8.560249177477452509e-01
8.544187770860869335e-01
8.537048153255198946e-01
8.537020464015991905e-01
8.525054370570521733e-01
8.525054370570521733e-01
8.525008330623569108e-01
8.525008330623569108e-01
8.524649233350317656e-01
8.524630818789467046e-01
8.524557161213265344e-01
8.524538746986020099e-01
8.497798225634574099e-01
8.497770749590372041e-01
8.495161204658144838e-01
8.495161204658144838e-01
8.495133742912517327e-01
8.478464523075355253e-01
8.478464523075355253e-01
8.477780285397664706e-01
8.477780285397664706e-01
8.477780285397664706e-01
8.461159001109362920e-01
8.461113538425081293e-01
8.461113538425081293e-01
8.460695300949048203e-01
8.460695300949048203e-01
8.442453937696485777e-01
8.438876944816454673e-01
8.438822630342075470e-01
8.438804525647541910e-01
8.438777368727861106e-01
8.438686846720601098e-01
8.438641586327545463e-01
8.432571332136515885e-01
8.432571332136515885e-01
8.432544208842845945e-01
8.429462147495224711e-01
8.429227229114574227e-01
8.429091704272927421e-01
8.422563736310778593e-01
8.421968244460464881e-01
8.419668143617088374e-01
8.419668143617088374e-01
8.419668143617088374e-01
8.419623054129184991e-01
8.419623054129184991e-01
8.419532876367943341e-01
8.419532876367943341e-01
8.419136113456193726e-01
8.419045944439128570e-01
8.419018894049743462e-01
8.419000860537779740e-01
8.418928727137579004e-01
8.391754273298336342e-01
8.391727369762858046e-01
8.388589616170808450e-01
8.388571691802308994e-01
8.388499994970388673e-01
8.388499994970388673e-01
8.388482070922924638e-01
8.388482070922924638e-01
8.388482070922924638e-01
8.383618066067753949e-01
8.383618066067753949e-01
8.346252843447747871e-01
8.346235070465172212e-01
8.345799652207626096e-01
8.345755223914012033e-01
8.345435351902313892e-01
8.345435351902313892e-01
8.345435351902313892e-01
8.338651799522989183e-01
8.338651799522989183e-01
8.338651799522989183e-01
8.317923509517923808e-01
8.317905837530100710e-01
8.317905837530100710e-01
8.317852821944171637e-01
8.307940034442909960e-01
8.307922397988267704e-01
8.304043902730301463e-01
8.304026280134544358e-01
8.303999846358426362e-01
8.303638598884056643e-01
8.303612167176077641e-01
8.303594546115758979e-01
8.286461340370492312e-01
8.286417440211216734e-01
8.269676044121831993e-01
8.269632292872290957e-01
8.263135165644727165e-01
8.263021563920301960e-01
8.263004086964200745e-01
8.262960394844929279e-01
8.262960394844929279e-01
8.262934179759178210e-01
8.236840820202750990e-01
8.236597445934241701e-01
8.236510529472362840e-01
8.236440997409244513e-01
8.232956962418204183e-01
8.231376494248273668e-01
8.223837195675689493e-01
8.223811188217825530e-01
8.223811188217825530e-01
8.197286166868814616e-01
8.197130967220486175e-01
8.196975772494269341e-01
8.196880933695669391e-01
8.193028584176162976e-01
8.191986299720527276e-01
8.186545909453426528e-01
8.186545909453426528e-01
8.181644416827991151e-01
8.154679827247800494e-01
8.154594353931362560e-01
8.154568712229016691e-01
8.154551617835805732e-01
8.154525976358520944e-01
8.154500335016273693e-01
8.154500335016273693e-01
8.154500335016273693e-01
8.154500335016273693e-01
8.154457599745934537e-01
8.154440505742828194e-01
8.154107184677238385e-01
8.149391855642070803e-01
8.149366241331622573e-01
8.149323551113832886e-01
8.145679187772923990e-01
8.130159391927822554e-01
8.115341848548364156e-01
8.115341848548364156e-01
8.114299109093969786e-01
8.114273679227127500e-01
8.082118797023021273e-01
8.082118797023021273e-01
8.082118797023021273e-01
8.078962167668786165e-01
8.078575096599730498e-01
8.078549853912845302e-01
8.078440470462299183e-01
8.078398400564650306e-01
8.077060769089078329e-01
8.077060769089078329e-01
8.076497224105093631e-01
8.049164650938254173e-01
8.044483633119609012e-01
8.044141094782428780e-01
8.044116031960277802e-01
8.043990719810245604e-01
8.038814008452571658e-01
8.038772283449886480e-01
8.023783123394246930e-01
8.017032904307571650e-01
8.017016289887819447e-01
8.017016289887819447e-01
8.012001370571063541e-01
8.011934983033038860e-01
8.001407623748640896e-01
8.001391063490560507e-01
7.987343817631409326e-01
7.987343817631409326e-01
7.970021618764118188e-01
7.962517325017178793e-01
7.961252705866241897e-01
7.960957129075320049e-01
7.960743668368421844e-01
7.959922754899809716e-01
7.959881712944741894e-01
7.943558724411146077e-01
7.932707820587836522e-01
7.932707820587836522e-01
7.932667013149872215e-01
7.924382222351062932e-01
7.917332001094709026e-01
7.908245720201774187e-01
7.908205123071372356e-01
7.889672477832883057e-01
7.889543078222170935e-01
7.889381333700989929e-01
7.887157908882839186e-01
7.887117492679304176e-01
7.887117492679304176e-01
7.883336069185988837e-01
7.883336069185988837e-01
7.877718019419660545e-01
7.877718019419660545e-01
7.877669617072794450e-01
7.866880255614806527e-01
7.853747295037993847e-01
7.853522570027859917e-01
7.853522570027859917e-01
7.853434288144754971e-01
7.853337982528778571e-01
7.853273779882086192e-01
7.848549270346226736e-01
7.848549270346226736e-01
7.848533235967303234e-01
7.848533235967303234e-01
7.846433205893104113e-01
7.846369097622775124e-01
7.846264923551767856e-01
7.846160751793801458e-01
7.814901887850360662e-01
7.813182885175061765e-01
7.810748713448746328e-01
7.810748713448746328e-01
7.810589661406194262e-01
7.772257680590264339e-01
7.772257680590264339e-01
7.760701360554096429e-01
7.742154912871730410e-01
7.742076550306048466e-01
7.736140524368140259e-01
7.736117045976652618e-01
7.733347431731797395e-01
7.733245754283382123e-01
7.733222290574137681e-01
7.709444487342703711e-01
7.709444487342703711e-01
7.697942867275718859e-01
7.697919582307477526e-01
7.676508538821366079e-01
7.662631184477349811e-01
7.662608077711784427e-01
7.662554162378201195e-01
7.662554162378201195e-01
7.662507949739600921e-01
7.662492545630215091e-01
7.662492545630215091e-01
7.662454035583111667e-01
7.662392420180352826e-01
7.662330805605408468e-01
7.662253788550809075e-01
7.662253788550809075e-01
7.662230683686644950e-01
7.662215280508536397e-01
7.660613632413885155e-01
7.660590535812402679e-01
7.656065847043557193e-01
7.651476469046814000e-01
7.623387305914678391e-01
7.623387305914678391e-01
7.623249851217022144e-01
7.621860264019431064e-01
7.621585450741312773e-01
7.621562550381926204e-01
7.621524383371703903e-01
7.621501483318814385e-01
7.621486216680747328e-01
7.621463316819420131e-01
7.621463316819420131e-01
7.621448050309056477e-01
7.621448050309056477e-01
7.609510032079399577e-01
7.602161534130461584e-01
7.586325834871949780e-01
7.586287962134011797e-01
7.569948874428903407e-01
7.551615917872301909e-01
7.549451599121962397e-01
7.549414033290922088e-01
7.541502118010912081e-01
7.515887491352913896e-01
7.511959097672533670e-01
7.511959097672533670e-01
7.499451366800437002e-01
7.488542078473643393e-01
7.488542078473643393e-01
7.476306300327240084e-01
7.476173245056294547e-01
7.476025410501666579e-01
7.476003235739295816e-01
7.475988452625370595e-01
7.475966278045963476e-01
7.475944103576334099e-01
7.475944103576334099e-01
7.447826790655425189e-01
7.439644472966084887e-01
7.439563825281430010e-01
7.413022250406879898e-01
7.412963947187095615e-01
7.409838557188008767e-01
7.407239383742397765e-01
7.402678128945130442e-01
7.402656316024256444e-01
7.395471163204353493e-01
7.367293743093275005e-01
7.367293743093275005e-01
7.362405961941013155e-01
7.362369936449397745e-01
7.362276271547193440e-01
7.345362778219725053e-01
7.344515934540256641e-01
7.344515934540256641e-01
7.344515934540256641e-01
7.344515934540256641e-01
7.344494406738654169e-01
7.344494406738654169e-01
7.344494406738654169e-01
7.344494406738654169e-01
7.343705126677951833e-01
7.343705126677951833e-01
7.343705126677951833e-01
7.343683602839705671e-01
7.343683602839705671e-01
7.343647730009752461e-01
7.331403494887085426e-01
7.331389185712626766e-01
7.324676168534213216e-01
7.311629829147986426e-01
7.311608461848388973e-01
7.311537238268351890e-01
7.311423282946482027e-01
7.311409038739471455e-01
7.311060070121168097e-01
7.310732492201306165e-01
7.295058769812780008e-01
7.295037483194197758e-01
7.294746576451909270e-01
7.294746576451909270e-01
7.294583393332672028e-01
7.294562109026673236e-01
7.294562109026673236e-01
7.293540584088540335e-01
7.277857542720251871e-01
7.260202896374916559e-01
7.260181779035839167e-01
7.251307489944345264e-01
7.247663166236927301e-01
7.224848659060840728e-01
7.224834694895913012e-01
7.214813055465054692e-01
7.214764294162053782e-01
7.213921506990796928e-01
7.213900613525233707e-01
7.212382624875552928e-01
7.212361738836357006e-01
7.191782389489529415e-01
7.165684045951264958e-01
7.165580740851507091e-01
7.146786157232111192e-01
7.118751212634601977e-01
7.118717152153689609e-01
7.118267579238641840e-01
7.118213088764822061e-01
7.118070054575914574e-01
7.108178265119799999e-01
7.108103517653941994e-01
7.091805910787339906e-01
7.084089201877961095e-01
7.083690558526654080e-01
7.028453559243013071e-01
7.028433552646374816e-01
7.027733381468702634e-01
7.027666704553566790e-01
7.027393340208276662e-01
7.017976421824727584e-01
7.017976421824727584e-01
7.006622867362675144e-01
6.993156605936876602e-01
6.953997726655427591e-01
6.953945312953381253e-01
6.946613874894178586e-01
6.946594254379889755e-01
6.946574633957773859e-01
6.939693555379816692e-01
6.939386687032533807e-01
6.938903578350408274e-01
6.938903578350408274e-01
6.938753434343921667e-01
6.938635934107819647e-01
6.926271240522823280e-01
6.894863612375564665e-01
6.890215475957889302e-01
6.861544972620919891e-01
6.861480897538330126e-01
6.855110395884337349e-01
6.855027228266631356e-01
6.854419515810423746e-01
6.854419515810423746e-01
6.854291587756093929e-01
6.848047130689198791e-01
6.847996038035464306e-01
6.827075884314338650e-01
6.799767858283719546e-01
6.782622649121017311e-01
6.782522081419255500e-01
6.782264387989392906e-01
6.782138689779024787e-01
6.773970326735305747e-01
6.772954349561810528e-01
6.772891643215668278e-01
6.772408836648428077e-01
6.772408836648428077e-01
6.764422615029267449e-01
6.705209225983727039e-01
6.705209225983727039e-01
6.702311834594522066e-01
6.695317354089118655e-01
6.694653016640099708e-01
6.694634564384052133e-01
6.694450046466824400e-01
6.694450046466824400e-01
6.694431595139415103e-01
6.694339339768625718e-01
6.694339339768625718e-01
6.694339339768625718e-01
6.694320888947717929e-01
6.694302438211223727e-01
6.694290137767124893e-01
6.694290137767124893e-01
6.694228636109388342e-01
6.694210185794963186e-01
6.694210185794963186e-01
6.694179435458498251e-01
6.658459014235140749e-01
6.641979748419398755e-01
6.624359068250595950e-01
6.622135508810548243e-01
6.622075103280595787e-01
6.619110315644708420e-01
6.619080135651081997e-01
6.612090567185708867e-01
6.579763348634511955e-01
6.579733465618489152e-01
6.579733465618489152e-01
6.579733465618489152e-01
6.579733465618489152e-01
6.579733465618489152e-01
6.579733465618489152e-01
6.579721512475097400e-01
6.579721512475097400e-01
6.579721512475097400e-01
6.579721512475097400e-01
6.579721512475097400e-01
6.579721512475097400e-01
6.579721512475097400e-01
6.579703582827531871e-01
6.579673700261635672e-01
6.579673700261635672e-01
6.579643817920800553e-01
6.579643817920800553e-01
6.566177872000390492e-01
6.547638106248158119e-01
6.543620749868798159e-01
6.543602983036763687e-01
6.520614755048302902e-01
6.519190161481012158e-01
6.477710021322052869e-01
6.477645960526376978e-01
6.474595552631946527e-01
6.470623115023075300e-01
6.470367342408209765e-01
6.468873732389281983e-01
6.460416855251509549e-01
6.429796444372436470e-01
6.412136027235385560e-01
6.401162566880067573e-01
6.394812312130556675e-01
6.394242269791792221e-01
6.386310319267949343e-01
6.348791618534004311e-01
6.348774719271674805e-01
6.342408996922358488e-01
6.342307771080918366e-01
6.322977771661625335e-01
6.322893843763259802e-01
6.320002254892537197e-01
6.297992973324568755e-01
6.287850698660881754e-01
6.287778628210389797e-01
6.287750909170108926e-01
6.284077153588489839e-01
6.254797946657512098e-01
6.249081109944817358e-01
6.249042697439332050e-01
6.230076308666916418e-01
6.230049008912388331e-01
6.226414447902537397e-01
6.212090501624739636e-01
6.184689543650474519e-01
6.184678754863131012e-01
6.183848111593264196e-01
6.183751035448254996e-01
6.183734856335509900e-01
6.177570315017769653e-01
6.176633590645218552e-01
6.176025383805197055e-01
6.175966183113390517e-01
6.169416845288504536e-01
6.123025899849893205e-01
6.122956924184249639e-01
6.111942605897178193e-01
6.105288449276272678e-01
6.073897524172178208e-01
6.073855638074775465e-01
6.057248791902484220e-01
6.048882432236567519e-01
6.036811714228644821e-01
6.028921091532136733e-01
6.028890059707509019e-01
6.001822404552513701e-01
5.983612564957065949e-01
5.983546160687229776e-01
5.972361630559509527e-01
5.965773164790640903e-01
5.965681672067485453e-01
5.948390499877971305e-01
5.947844211016627414e-01
5.947793632895707061e-01
5.939871740747291184e-01
5.939846507418380384e-01
5.923396721208555871e-01
5.922999874981037527e-01
5.904762185239675887e-01
5.904597266688228485e-01
5.904507314311557842e-01
5.900092428171725967e-01
5.900042517115162699e-01
5.896156581180753697e-01
5.894581459271911461e-01
5.894516674790255539e-01
5.893799140475278753e-01
5.893734370149260604e-01
5.893365699845345418e-01
5.893350754552793003e-01
5.893350754552793003e-01
5.841289325675832478e-01
5.840145590040589640e-01
5.840130866233381735e-01
5.840130866233381735e-01
5.840130866233381735e-01
5.830269837448527337e-01
5.827588776115616431e-01
5.827588776115616431e-01
5.800559274377631302e-01
5.800447649242955750e-01
5.800433089703210809e-01
5.800331174607737950e-01
5.795597795929421370e-01
5.795597795929421370e-01
5.787547240402695081e-01
5.787474709338095158e-01
5.773658261221394916e-01
5.763880169488313499e-01
5.736776399552293570e-01
5.736681082261332332e-01
5.735542241950476461e-01
5.735504128197985718e-01
5.735504128197985718e-01
5.735504128197985718e-01
5.698262108926223091e-01
5.686892990124767788e-01
5.686860103926082433e-01
5.686761447203572128e-01
5.686761447203572128e-01
5.686315178092958833e-01
5.686244719805707559e-01
5.683840602852444635e-01
5.683840602852444635e-01
5.683817133376876107e-01
5.641054179046003370e-01
5.641054179046003370e-01
5.641017090825274360e-01
5.641017090825274360e-01
5.640993910890509389e-01
5.633935943716279482e-01
5.633806405350353375e-01
5.633579724968602598e-01
5.633556595158818459e-01
5.633542717347739259e-01
5.633459451659171835e-01
5.633172663076219111e-01
5.633117158375409161e-01
5.589579066800632878e-01
5.583091167680527267e-01
5.583059260605893748e-01
5.583045586236855540e-01
5.575942345265854083e-01
5.575896859469064992e-01
5.575801341275771206e-01
5.575673987857392433e-01
5.570034288000430545e-01
5.535191375068555519e-01
5.535155421210194993e-01
5.533991621728517885e-01
5.533978143774413994e-01
5.533978143774413994e-01
5.507218578934668374e-01
5.486778180560587526e-01
5.486742740294187071e-01
5.486729450290909194e-01
5.472552516936943778e-01
5.472530460660390839e-01
5.472486348543798007e-01
5.472301084009455474e-01
5.445362199952809013e-01
5.437748867714837786e-01
5.437705213445537256e-01
5.436064228869277315e-01
5.412278370826021368e-01
5.396495409312896951e-01
5.389311778561405308e-01
5.384363838941454983e-01
5.372251103409897421e-01
5.372097033866086724e-01
5.371480827892053389e-01
5.342428349008393473e-01
5.342394420689682288e-01
5.324208747658502050e-01
5.279462789289105507e-01
5.279267286253362945e-01
5.279021884269915477e-01
5.264985990963938489e-01
5.247557434227588802e-01
5.206610721648097240e-01
5.190110619161416583e-01
5.190017571784496520e-01
5.189613049563005509e-01
5.189568555254390203e-01
5.189495747726229347e-01
5.166346749851303821e-01
5.149314795310803161e-01
5.106740345271327808e-01
5.106649718606325328e-01
5.106366034653757602e-01
5.106251780303114884e-01
5.106082376333317407e-01
5.106062678790567189e-01
5.092614531745479622e-01
5.091696769455325011e-01
5.036229074268325778e-01
5.026056472201977376e-01
4.952134509388188555e-01
4.951639755290075384e-01
4.951504836265006593e-01
4.947722036293075165e-01
4.879238592918175299e-01
4.879106855821718214e-01
4.822374677981471347e-01
4.812555983815383631e-01
4.812527352982641782e-01
4.807381857853780249e-01
4.794462688102408832e-01
4.794387988937209300e-01
4.794124778297930156e-01
4.793996738322320317e-01
4.793978955429443745e-01
4.771014526029760949e-01
4.771014526029760949e-01
4.748409359210027381e-01
4.748356827841404559e-01
4.747544462127351039e-01
4.720497448542586016e-01
4.720469696991429487e-01
4.687819522052824595e-01
4.687785219096366474e-01
4.681144935707964860e-01
4.670871840983114587e-01
4.670861609949811255e-01
4.630651569213861674e-01
4.630530497337402851e-01
4.622011108064189022e-01
4.622011108064189022e-01
4.577778592824693904e-01
4.577745576842310871e-01
4.572995268678692327e-01
4.563357423842723803e-01
4.557975267992771529e-01
4.557965431933805878e-01
4.556156177397167606e-01
4.555936654381804174e-01
4.544734101574937069e-01
4.544642727751096456e-01
4.544626411307359781e-01
4.544610094957716728e-01
4.544600305193095546e-01
4.526624879431444537e-01
4.526326580926635645e-01
4.526209864015636186e-01
4.480146733812752080e-01
4.479046644397788879e-01
4.479030704257193629e-01
4.446464789896669156e-01
4.436152020690968256e-01
4.436145742193776109e-01
4.433594711276060418e-01
4.393284025357042100e-01
4.393268571211419449e-01
4.390553083194959627e-01
4.389401588391763087e-01
4.352097666359701078e-01
4.352067220088912669e-01
4.345362117985318573e-01
4.338415994113983820e-01
4.337652700416586016e-01
4.317638565076398760e-01
4.317623533927689161e-01
4.315652171294110384e-01
4.315568059736317186e-01
4.315544028343222815e-01
4.315273689887116348e-01
4.315228636105497007e-01
4.300978354648793411e-01
4.280850620459598632e-01
4.280844689504197942e-01
4.259195405346881125e-01
4.259186580538730782e-01
4.247917590521105291e-01
4.247835573921723284e-01
4.239964945301240573e-01
4.239859810065109147e-01
4.231511910648941832e-01
4.218539243353247037e-01
4.218472612635963404e-01
4.217235902965366101e-01
4.217215633842864575e-01
4.175120885475674948e-01
4.175112336227141396e-01
4.145748316790062171e-01
4.142757339054938259e-01
4.135390291655554051e-01
4.135381871239726115e-01
4.109311476182334055e-01
4.109283688498348019e-01
4.109283688498348019e-01
4.108978043637731559e-01
4.108922475717668443e-01
4.095482346064766022e-01
4.095482346064766022e-01
4.082441742005588070e-01
4.059444483592083985e-01
4.056230350307563071e-01
4.056230350307563071e-01
4.017758168630734539e-01
4.017704540984465833e-01
3.979806759458388021e-01
3.975583878103258195e-01
3.944787505963994745e-01
3.944735407685874828e-01
3.942600311803874380e-01
3.942548259053453297e-01
3.913773735571093315e-01
3.913773735571093315e-01
3.913670827807728680e-01
3.913645101532610138e-01
3.913645101532610138e-01
3.906683081712516437e-01
3.906683081712516437e-01
3.899766120612810361e-01
3.869331749101467266e-01
3.869306479882292926e-01
3.834605710787428734e-01
3.834605710787428734e-01
3.834605710787428734e-01
3.834580796903196420e-01
3.824858903919248765e-01
3.816387028609972143e-01
3.799187545960498458e-01
3.799187545960498458e-01
3.741397519720423559e-01
3.741253693853326956e-01
3.741253693853326956e-01
3.741229723716116284e-01
3.741205753819080715e-01
3.699128692322527501e-01
3.693577429789191569e-01
3.587646231744652803e-01
3.587646231744652803e-01
3.587489059471134500e-01
3.587421703199707990e-01
3.578122981088866505e-01
3.576424137785081947e-01
3.486704445486996651e-01
3.486468150897847895e-01
3.486382231731182668e-01
3.476052882828375989e-01
3.475881840561336755e-01
3.431240086671691891e-01
3.430108690651995640e-01
3.391939450852782256e-01
3.391054323065822995e-01
3.388894457461202325e-01
3.346460122308883012e-01
3.310045142668566753e-01
3.303649491216729683e-01
3.303451785638147342e-01
3.292861550261257375e-01
3.274136338861152185e-01
3.239376227243079276e-01
3.221055980166143140e-01
3.220390349540597219e-01
3.209844395244816351e-01
3.179937344535953003e-01
3.170520481233510823e-01
3.152623342491164826e-01
3.144759039885960394e-01
3.144410614425481310e-01
3.128209634513808290e-01
3.104189431352569195e-01
3.073509537202843700e-01
3.073314693763085637e-01
3.053941759321799898e-01
3.007773455304655896e-01
3.007533434262606997e-01
3.007499147896590119e-01
2.950201211982147464e-01
2.945693009118293126e-01
2.945676392822941803e-01
2.945576698002825844e-01
2.888852486672527364e-01
2.888578148343889374e-01
2.850931046666004831e-01
2.834984343980232468e-01
2.834952960410139777e-01
2.834372457645012999e-01
2.784812565989412958e-01
2.784812565989412958e-01
2.784537528708641574e-01
2.763872864646747529e-01
2.737838361373896578e-01
2.737823460696772182e-01
2.737808560139565750e-01
2.737644661924523715e-01
2.737570167532046850e-01
2.694236969313743568e-01
2.694222417651833679e-01
2.694222417651833679e-01
2.693829566568249345e-01
2.693785921660081795e-01
2.693625899247429345e-01
2.693582259203081697e-01
2.693582259203081697e-01
2.693582259203081697e-01
2.693553166419154765e-01
2.679699644735524244e-01
2.653443376914577101e-01
2.653429148383712466e-01
2.652746310745081604e-01
2.652732087707145858e-01
2.652717864781279355e-01
2.652717864781279355e-01
2.652518755585612786e-01
2.652490313207673256e-01
2.615138230872273151e-01
2.615124302764120778e-01
2.605262711376021834e-01
2.578934021061001780e-01
2.578934021061001780e-01
2.578920374232787638e-01
2.578838495479755522e-01
2.578715684473449898e-01
2.578715684473449898e-01
2.545973745902916918e-01
2.545960352901937562e-01
2.545920174515218792e-01
2.533256641927193464e-01
2.516110367432403683e-01
2.516110367432403683e-01
2.516110367432403683e-01
2.516110367432403683e-01
2.516031379703033144e-01
2.516031379703033144e-01
2.486909057227939812e-01
2.486870227026738434e-01
2.486844340714688961e-01
2.469946777380013780e-01
2.468191926806608816e-01
2.466464461058816837e-01
2.458553362049657742e-01
2.458489712310022723e-01
2.458451523611384915e-01
2.458451523611384915e-01
2.458451523611384915e-01
2.433533333258605103e-01
2.433495703972724522e-01
2.433495703972724522e-01
2.410474781640894459e-01
2.410437665972717247e-01
2.410400551128755453e-01
2.407853968457696892e-01
2.406359968465972554e-01
2.387681207945863693e-01
2.369826053698426138e-01
2.369801908387085543e-01
2.353333106685448761e-01
2.351791993502983513e-01
2.299098370969315797e-01
2.252268644790960950e-01
2.206468945942294535e-01
2.165966767947729854e-01
2.126652197822413715e-01
2.090808910360073825e-01
2.090798805600279087e-01
2.056894067753638200e-01
2.056844689924774705e-01
2.026662897638288052e-01
2.026653224296426636e-01
1.996584319601109880e-01
1.970087295487060464e-01
1.970050098907863700e-01
1.945629290124017696e-01
1.922138468859976024e-01
1.922048603244718434e-01
1.899215170212965598e-01
1.880036761725656647e-01
1.880019329800843575e-01
1.860522905939516469e-01
1.860497131431795015e-01
1.842922506717772080e-01
1.827091271073224277e-01
1.827091271073224277e-01
1.827091271073224277e-01
1.811719522132209936e-01
1.811686388964724725e-01
