9.882509451363360453e-01
9.882388389652011496e-01
9.876791862934053423e-01
9.876701282858171282e-01
9.876701282858171282e-01
9.876701282858171282e-01
9.870779328211768400e-01
9.864773677128182428e-01
9.864773677128182428e-01
9.858774897560907968e-01
9.858744416804056110e-01
9.858744416804056110e-01
9.858744416804056110e-01
9.852511312441105673e-01
9.852360263443225019e-01
9.846105510327372023e-01
9.846105510327372023e-01
9.846075103217695190e-01
9.845954646019166034e-01
9.839497288237469830e-01
9.839346614327344476e-01
9.839346614327344476e-01
9.839317414459186617e-01
9.832867072839538425e-01
9.832867072839538425e-01
9.826275547045740799e-01
9.826275547045740799e-01
9.826275547045740799e-01
9.826245255014820490e-01
9.826245255014820490e-01
9.826096127576824379e-01
9.819303693338452543e-01
9.819273441711200423e-01
9.819273441711200423e-01
9.819273441711200423e-01
9.812489870533056546e-01
9.812489870533056546e-01
9.812310924090811293e-01
9.812310924090811293e-01
9.812310924090811293e-01
9.805178981105160396e-01
9.805119801928736667e-01
9.805119801928736667e-01
9.805119801928736667e-01
9.805119801928736667e-01
9.798235235537136045e-01
9.798235235537136045e-01
9.798235235537136045e-01
9.798235235537136045e-01
9.798235235537136045e-01
9.798235235537136045e-01
9.790825100750966126e-01
9.790825100750966126e-01
9.783424337174221330e-01
9.776124086222007792e-01
9.776124086222007792e-01
9.768360487204568177e-01
9.768360487204568177e-01
9.760844320899770832e-01
9.760695903205264257e-01
9.752896713432702702e-01
9.745343228430440874e-01
9.745343228430440874e-01
9.737066547629072977e-01
9.737036770391458429e-01
9.729183845033771982e-01
9.729154113055369368e-01
9.729154113055369368e-01
9.720991139887800170e-01
9.720991139887800170e-01
9.712781742002088992e-01
9.712781742002088992e-01
9.712752104078550275e-01
9.712606196776876200e-01
9.712606196776876200e-01
9.712606196776876200e-01
9.704088018061948206e-01
9.704088018061948206e-01
9.695992879340936677e-01
9.695992879340936677e-01
9.695992879340936677e-01
9.695992879340936677e-01
9.695992879340936677e-01
9.695992879340936677e-01
9.687327333517872230e-01
9.687327333517872230e-01
9.687327333517872230e-01
9.678735198694654596e-01
9.678735198694654596e-01
9.678735198694654596e-01
9.670069172428740201e-01
9.670069172428740201e-01
9.670069172428740201e-01
9.670069172428740201e-01
9.670069172428740201e-01
9.667861716049228615e-01
9.662374866306849830e-01
9.662346645262995803e-01
9.662259725419630740e-01
9.662259725419630740e-01
9.662027193830335925e-01
9.661997845929377604e-01
9.661997845929377604e-01
9.661940279378681273e-01
9.661882713471510176e-01
9.661853366393940989e-01
9.661853366393940989e-01
9.661301446740137022e-01
9.661301446740137022e-01
9.661301446740137022e-01
9.652492290236011074e-01
9.652492290236011074e-01
9.652492290236011074e-01
9.651883919173614990e-01
9.651854629048672862e-01
9.643581216896982555e-01
9.643581216896982555e-01
9.643581216896982555e-01
9.634916860968044672e-01
9.634887667349676388e-01
9.634599108584851468e-01
9.634599108584851468e-01
9.625547497501530936e-01
9.625547497501530936e-01
9.617948581108584083e-01
9.617948581108584083e-01
9.617085805046478031e-01
9.617027620445119940e-01
9.617027620445119940e-01
9.617027620445119940e-01
9.616970555419538380e-01
9.616970555419538380e-01
9.616424553550684262e-01
9.616424553550684262e-01
9.616424553550684262e-01
9.607058715086299605e-01
9.607058715086299605e-01
9.600720587516848870e-01
9.600720587516848870e-01
9.600720587516848870e-01
9.597969699233265262e-01
9.597940715169699377e-01
9.588637512937963070e-01
9.588637512937963070e-01
9.583206867659291861e-01
9.583179078655260641e-01
9.579408955621859789e-01
9.579408955621859789e-01
9.570026286603487975e-01
9.570026286603487975e-01
9.570026286603487975e-01
9.569997460485089036e-01
9.565412853071525445e-01
9.565384052984786667e-01
9.565384052984786667e-01
9.565384052984786667e-01
9.560262437637617738e-01
9.560262437637617738e-01
9.560262437637617738e-01
9.549069481066854159e-01
9.549040773096357793e-01
9.549040773096357793e-01
9.549040773096357793e-01
9.547282166166807249e-01
9.547282166166807249e-01
9.541045275858127672e-01
9.541045275858127672e-01
9.528565768024244154e-01
9.528565768024244154e-01
9.528565768024244154e-01
9.528565768024244154e-01
9.522069474399846856e-01
9.522069474399846856e-01
9.522042016569524092e-01
9.522013460583254041e-01
9.521618086484298082e-01
9.521589532878442785e-01
9.521477516434478927e-01
9.521477516434478927e-01
9.521448963617914485e-01
9.521448963617914485e-01
9.521335852112480236e-01
9.511805095438401469e-01
9.511805095438401469e-01
9.511805095438401469e-01
9.510340916080759488e-01
9.510340916080759488e-01
9.510312425757957433e-01
9.510312425757957433e-01
9.501955227599580001e-01
9.501955227599580001e-01
9.501927878255325144e-01
9.493920861771306674e-01
9.493920861771306674e-01
9.493893555695270825e-01
9.493893555695270825e-01
9.492040362823138677e-01
9.492040362823138677e-01
9.492040362823138677e-01
9.491451894609269635e-01
9.491451894609269635e-01
9.491451894609269635e-01
9.491451894609269635e-01
9.481893125962942426e-01
9.481893125962942426e-01
9.481893125962942426e-01
9.472101124508561787e-01
9.472101124508561787e-01
9.472101124508561787e-01
9.471933644094472360e-01
9.471933644094472360e-01
9.471905368727079333e-01
9.471401876129555975e-01
9.471318146795814075e-01
9.471290962245006995e-01
9.466318645978604174e-01
9.466318645978604174e-01
9.462049071907689957e-01
9.462049071907689957e-01
9.462049071907689957e-01
9.452991969757701396e-01
9.452963800076767953e-01
9.452963800076767953e-01
9.452963800076767953e-01
9.451766733760427197e-01
9.451766733760427197e-01
9.441838231750323551e-01
9.441838231750323551e-01
9.441838231750323551e-01
9.437699459229850207e-01
9.433370888506935614e-01
9.433370888506935614e-01
9.431679986682408590e-01
9.431651935656486518e-01
9.431651935656486518e-01
9.421651984829940707e-01
9.421651984829940707e-01
9.421651984829940707e-01
9.420628104481183485e-01
9.420573201948254649e-01
9.420573201948254649e-01
9.420573201948254649e-01
9.420573201948254649e-01
9.413163622398939001e-01
9.413163622398939001e-01
9.411203327927917250e-01
9.411203327927917250e-01
9.409077314357229271e-01
9.409049388875190267e-01
9.409021463548072894e-01
9.400940373310681109e-01
9.400940373310681109e-01
9.393532851902428593e-01
9.390616985678134077e-01
9.390616985678134077e-01
9.390616985678134077e-01
9.380259229383230979e-01
9.380259229383230979e-01
9.378722726786435926e-01
9.378722726786435926e-01
9.373292680307978575e-01
9.368525829086578049e-01
9.368525829086578049e-01
9.368389456360662892e-01
9.368361756103821270e-01
9.368334055999976151e-01
9.352833246905992715e-01
9.352833246905992715e-01
9.348467813420662242e-01
9.348441284241737481e-01
9.332186271770304131e-01
9.332186271770304131e-01
9.317067881416444264e-01
9.317067881416444264e-01
9.315875355759963838e-01
9.315713000297505264e-01
9.315685590156085327e-01
9.315658180165193869e-01
9.311325078291574631e-01
9.311325078291574631e-01
9.290309500217387439e-01
9.290012675806138542e-01
9.286537056699393222e-01
9.286509806529653632e-01
9.268683536054892480e-01
9.268656383524699338e-01
9.268656383524699338e-01
9.264230416252563494e-01
9.262889834080785256e-01
9.262729197146495341e-01
9.262729197146495341e-01
9.262702077137699996e-01
9.262674957276982868e-01
9.254934122346896164e-01
9.254934122346896164e-01
9.247739838685946623e-01
9.247739838685946623e-01
9.247685762365547291e-01
9.247418509208098492e-01
9.226164534323582078e-01
9.225872555378773487e-01
9.225286578682909688e-01
9.222866794961802617e-01
9.222839892126812877e-01
9.222839892126812877e-01
9.222812989438070597e-01
9.220899135005172775e-01
9.220872242865530977e-01
9.209296352938409758e-01
9.209296352938409758e-01
9.209163240663459371e-01
9.209137444125636840e-01
9.203730367492989339e-01
9.203703568577005223e-01
9.190397333385217360e-01
9.182610589433835013e-01
9.182346829943861533e-01
9.181739313127169622e-01
9.177627202930564998e-01
9.177601570699021050e-01
9.159846936283917440e-01
9.158009427327011842e-01
9.158009427327011842e-01
9.157536627489029080e-01
9.157511099633146578e-01
9.157511099633146578e-01
9.157458002117254692e-01
9.155699981146172561e-01
9.137737271156642915e-01
9.134628234737250940e-01
9.134601809250603166e-01
9.124295547627815361e-01
9.124295547627815361e-01
9.115336935197687618e-01
9.115336935197687618e-01
9.102059393226703543e-01
9.093581758179751784e-01
9.093581758179751784e-01
9.089956720432167403e-01
9.089956720432167403e-01
9.089956720432167403e-01
9.089956720432167403e-01
9.089931541966167483e-01
9.070454137298410435e-01
9.056783630126190587e-01
9.056757621889928167e-01
9.056757621889928167e-01
9.056732614101339340e-01
9.048717732384954360e-01
9.048692765834231988e-01
9.048050670129861306e-01
9.048050670129861306e-01
9.043715994054324359e-01
9.043715994054324359e-01
9.043715994054324359e-01
9.043715994054324359e-01
9.043715994054324359e-01
9.043690055505607672e-01
9.043690055505607672e-01
9.043690055505607672e-01
9.025214089848884180e-01
9.025214089848884180e-01
9.022532426323387478e-01
9.022507593823358985e-01
9.022481768157986082e-01
9.002941369223365076e-01
9.002941369223365076e-01
8.999687660455734095e-01
8.999687660455734095e-01
8.994837855125468185e-01
8.994812176329670672e-01
8.987203424555392228e-01
8.987203424555392228e-01
8.979379185798299634e-01
8.956358374798889521e-01
8.956358374798889521e-01
8.953161293986436897e-01
8.953061419323733450e-01
8.952255643483969516e-01
8.942026262779961820e-01
8.942001839944312414e-01
8.918032485688757172e-01
8.918013044509188747e-01
8.909699426229195085e-01
8.909699426229195085e-01
8.906304302952275931e-01
8.906304302952275931e-01
8.906304302952275931e-01
8.906304302952275931e-01
8.906284909138280081e-01
8.906284909138280081e-01
8.906284909138280081e-01
8.906284909138280081e-01
8.906284909138280081e-01
8.889809098786124464e-01
8.886930188756335669e-01
8.886910873048151638e-01
8.883454613922091569e-01
8.883435312207239587e-01
8.864297363167367161e-01
8.863634156192338187e-01
8.858792647394969633e-01
8.858792647394969633e-01
8.847160417685255851e-01
8.847160417685255851e-01
8.839858003389614582e-01
8.839810186885995735e-01
8.838404595613290615e-01
8.838385474775266593e-01
8.837821444499449619e-01
8.837792766773979736e-01
8.817570150928699668e-01
8.817570150928699668e-01
8.817570150928699668e-01
8.817541594702374974e-01
8.817494001372110368e-01
8.817465445602115093e-01
8.817465445602115093e-01
8.817446408517187750e-01
8.817417853032394337e-01
8.816903883565807565e-01
8.816884848724252377e-01
8.811310913271774847e-01
8.809818662379842458e-01
8.809790152584205947e-01
8.809790152584205947e-01
8.809790152584205947e-01
8.809790152584205947e-01
8.809790152584205947e-01
8.809790152584205947e-01
8.809790152584205947e-01
8.809771146148609455e-01
8.809742636637462043e-01
8.793434707627694191e-01
8.787500330836409690e-01
8.787471954493767390e-01
8.786620743005498779e-01
8.786554544058629013e-01
8.775408459480301682e-01
8.775332982034952378e-01
8.769524820910612473e-01
8.769524820910612473e-01
8.761390274158316060e-01
8.746447466140853111e-01
8.746447466140853111e-01
8.739204372717795932e-01
8.739176283984526616e-01
8.736864217032331847e-01
8.736845500455000524e-01
8.736237252015586208e-01
8.736190466914575126e-01
8.736171753003781904e-01
8.722912873623898111e-01
8.722894212219908239e-01
8.712585738694428317e-01
8.702857174938308793e-01
8.702838592691558572e-01
8.699327862861125915e-01
8.699309294524952829e-01
8.698418100429393673e-01
8.698251020300789005e-01
8.698186046295292018e-01
8.698186046295292018e-01
8.698139636839946620e-01
8.698083946096959451e-01
8.698083946096959451e-01
8.698065382662246714e-01
8.698018974395455016e-01
8.697991129654799591e-01
8.697944722119402838e-01
8.697870471013557925e-01
8.697851908419939049e-01
8.697824064666639376e-01
8.687607245681114865e-01
8.687579462436680888e-01
8.686440490601531339e-01
8.686440490601531339e-01
8.675721745842334132e-01
8.675721745842334132e-01
8.675721745842334132e-01
8.666419316967484132e-01
8.666327123166124302e-01
8.663414730787782903e-01
8.637953125251169872e-01
8.637934797903149553e-01
8.637934797903149553e-01
8.637907307015562086e-01
8.637907307015562086e-01
8.637861489228098044e-01
8.630472366693806574e-01
8.630454068600466044e-01
8.612920828673088502e-01
8.592511885808705729e-01
8.592511885808705729e-01
8.590760732350734008e-01
8.590742589124672479e-01
8.590715374417932093e-01
8.590506733609302170e-01
8.590488591371446825e-01
8.579118237992099383e-01
8.578937261553221116e-01
8.578937261553221116e-01
8.578937261553221116e-01
8.578792485464610262e-01
8.578774388769928594e-01
8.563101946050964974e-01
8.556136319197240603e-01
8.556109306038048867e-01
8.544436322805580852e-01
8.544436322805580852e-01
8.544391414217105130e-01
8.544391414217105130e-01
8.544041142135537781e-01
8.544023180177069410e-01
8.543951333038163343e-01
8.543933371427175905e-01
8.517854765263234151e-01
8.517827974093359344e-01
8.515283519574147197e-01
8.515283519574147197e-01
8.515256743278302176e-01
8.499005375482752145e-01
8.499005375482752145e-01
8.498338365771430647e-01
8.498338365771430647e-01
8.498338365771430647e-01
8.482137409634553649e-01
8.482093101449160732e-01
8.482093101449160732e-01
8.481685486103879290e-01
8.481685486103879290e-01
8.463909556663249401e-01
8.460424323478434872e-01
8.460371403558111236e-01
8.460353763719815623e-01
8.460327304089068079e-01
8.460239106417941635e-01
8.460195008215842805e-01
8.454280858055509551e-01
8.454280858055509551e-01
8.454254433306651606e-01
8.451251808625737105e-01
8.451022949874839041e-01
8.450890921158408231e-01
8.444531626337483665e-01
8.443951547582154715e-01
8.441711021650559754e-01
8.441711021650559754e-01
8.441711021650559754e-01
8.441667100683792890e-01
8.441667100683792890e-01
8.441579260009254293e-01
8.441579260009254293e-01
8.441192780982669230e-01
8.441104949372107979e-01
8.441078600216221917e-01
8.441061034196214452e-01
8.440990770787515363e-01
8.414525377350375868e-01
8.414499180322413396e-01
8.411443887551355303e-01
8.411426434586317669e-01
8.411356623390797704e-01
8.411356623390797704e-01
8.411339170758074246e-01
8.411339170758074246e-01
8.411339170758074246e-01
8.406603238185342830e-01
8.406603238185342830e-01
8.370231479629087756e-01
8.370214183215576309e-01
8.369790441556329563e-01
8.369747204823223541e-01
8.369435912434514124e-01
8.369435912434514124e-01
8.369435912434514124e-01
8.362834598460473501e-01
8.362834598460473501e-01
8.362834598460473501e-01
8.342666581439671658e-01
8.342649389299395812e-01
8.342649389299395812e-01
8.342597813268118889e-01
8.332954777657883838e-01
8.332937622172391645e-01
8.329164987808205245e-01
8.329147846614559647e-01
8.329122134945265987e-01
8.328770756704283462e-01
8.328745047167530613e-01
8.328727907557135213e-01
8.312064550876464564e-01
8.312021859027922677e-01
8.295742893538324836e-01
8.295700355057620268e-01
8.289383572149603419e-01
8.289273128078216146e-01
8.289256136921682172e-01
8.289213659309249138e-01
8.289213659309249138e-01
8.289188172933037446e-01
8.263824063454094926e-01
8.263587527687038525e-01
8.263503053628908912e-01
8.263435475519780304e-01
8.260049417685894069e-01
8.258513440656992666e-01
8.251186768902278867e-01
8.251161496035966936e-01
8.251161496035966936e-01
8.225389660418509497e-01
8.225238890976229733e-01
8.225088126584978454e-01
8.224995995276753735e-01
8.221253708925954085e-01
8.220241231441012264e-01
8.214956620570280643e-01
8.214956620570280643e-01
8.210195758598548554e-01
8.184009569328167810e-01
8.183926576118327745e-01
8.183901678455053341e-01
8.183885080089711161e-01
8.183860182656953475e-01
8.183835285362506262e-01
8.183835285362506262e-01
8.183835285362506262e-01
8.183835285362506262e-01
8.183793790179108019e-01
8.183777192213319562e-01
8.183453544166093829e-01
8.178875184616160032e-01
8.178850315005457006e-01
8.178808865961102459e-01
8.175270531902619764e-01
8.160203885069483576e-01
8.145821412637517245e-01
8.145821412637517245e-01
8.144809378732134064e-01
8.144784697843946430e-01
8.113582367407413676e-01
8.113582367407413676e-01
8.113582367407413676e-01
8.110519838509098189e-01
8.110144313390615922e-01
8.110119823722921062e-01
8.110013703387223272e-01
8.109972888547460901e-01
8.108675171881154498e-01
8.108675171881154498e-01
8.108128448645838260e-01
8.081615722736819052e-01
8.077075889234660577e-01
8.076743691061664121e-01
8.076719384855319817e-01
8.076597855821998628e-01
8.071577567968900579e-01
8.071537104878068192e-01
8.057002421297420058e-01
8.050457617760312656e-01
8.050441509502589410e-01
8.050441509502589410e-01
8.045579498350990955e-01
8.045515136715462035e-01
8.035309594850242876e-01
8.035293541709951359e-01
8.021677445974633169e-01
8.021677445974633169e-01
8.004889613014798400e-01
7.997617734061241990e-01
7.996392335642201754e-01
7.996105928085966985e-01
7.995899089780994506e-01
7.995103648469564783e-01
7.995063880179811289e-01
7.979248747343221648e-01
7.968736873876833826e-01
7.968736873876833826e-01
7.968697343582995529e-01
7.960672171167311184e-01
7.953843397311998187e-01
7.945043213070438481e-01
7.945003895962395868e-01
7.927057202469215413e-01
7.926931905438608927e-01
7.926775289204053276e-01
7.924622385232539257e-01
7.924583251345010959e-01
7.924583251345010959e-01
7.920921871265871328e-01
7.920921871265871328e-01
7.915482414962702329e-01
7.915482414962702329e-01
7.915435552560485810e-01
7.904990000036706821e-01
7.892276971585718837e-01
7.892059445968097053e-01
7.892059445968097053e-01
7.891973992449342612e-01
7.891880772342056982e-01
7.891818626712922002e-01
7.887245590768591219e-01
7.887245590768591219e-01
7.887230070816925176e-01
7.887230070816925176e-01
7.885197435676893907e-01
7.885135385421645493e-01
7.885034555644604426e-01
7.884933728204689407e-01
7.854682804719609335e-01
7.853019484191162691e-01
7.850664205194085588e-01
7.850664205194085588e-01
7.850510309931563180e-01
7.813427585642795936e-01
7.813427585642795936e-01
7.802250384062381361e-01
7.784314747075635754e-01
7.784238971467106749e-01
7.778499059207029109e-01
7.778476357077234171e-01
7.775798346373570258e-01
7.775700033071620831e-01
7.775677345705616084e-01
7.752688622982851774e-01
7.752688622982851774e-01
7.741570356655017582e-01
7.741547848875633964e-01
7.720853297446090835e-01
7.707442285083713207e-01
7.707419956079828438e-01
7.707367855524616118e-01
7.707367855524616118e-01
7.707323198411574205e-01
7.707308312810960960e-01
7.707308312810960960e-01
7.707271099036345774e-01
7.707211557671216351e-01
7.707152017135924238e-01
7.707077592633742036e-01
7.707077592633742036e-01
7.707055265535919242e-01
7.707040380868864782e-01
7.705492658606676315e-01
7.705470339791423706e-01
7.701098102304642090e-01
7.696663518971064155e-01
7.669525329020986382e-01
7.669525329020986382e-01
7.669392542815628433e-01
7.668050159439907532e-01
7.667784683218488162e-01
7.667762560947694039e-01
7.667725690751969747e-01
7.667703568787892499e-01
7.667688820875739886e-01
7.667666699103358185e-01
7.667666699103358185e-01
7.667651951319001125e-01
7.667651951319001125e-01
7.656120103946026934e-01
7.649022159930889408e-01
7.633727761886305307e-01
7.633691185951770874e-01
7.617912546762294346e-01
7.600210734920797018e-01
7.598121085677307374e-01
7.598084816170778133e-01
7.590446149057696879e-01
7.565719171221003680e-01
7.561927314487129070e-01
7.561927314487129070e-01
7.549855010713588666e-01
7.539326369048100496e-01
7.539326369048100496e-01
7.527518469318358330e-01
7.527390072381134889e-01
7.527247413727856662e-01
7.527226015348417176e-01
7.527211749822781961e-01
7.527190351625316911e-01
7.527168953537034524e-01
7.527168953537034524e-01
7.500038684291175928e-01
7.492144562018860920e-01
7.492066757009769873e-01
7.466462945175214028e-01
7.466406706748218713e-01
7.463392032246165542e-01
7.460884979056137123e-01
7.456485484864991964e-01
7.456464445824052545e-01
7.449534365616422571e-01
7.422360229444450175e-01
7.422360229444450175e-01
7.417646959114707617e-01
7.417612220374926180e-01
7.417521901013617303e-01
7.401213356617085681e-01
7.400396845248800037e-01
7.400396845248800037e-01
7.400396845248800037e-01
7.400396845248800037e-01
7.400376088584740275e-01
7.400376088584740275e-01
7.400376088584740275e-01
7.400376088584740275e-01
7.399615082781388908e-01
7.399615082781388908e-01
7.399615082781388908e-01
7.399594330037796430e-01
7.399594330037796430e-01
7.399559742363065462e-01
7.387754585122289219e-01
7.387740789566848987e-01
7.381268857773188863e-01
7.368691764845423098e-01
7.368671166842075682e-01
7.368602507573742688e-01
7.368492655121385848e-01
7.368478923770535038e-01
7.368142519952526337e-01
7.367826737252136660e-01
7.352718061383973769e-01
7.352697543055314311e-01
7.352417136142330722e-01
7.352417136142330722e-01
7.352259843062700639e-01
7.352239327016982795e-01
7.352239327016982795e-01
7.351254677009054772e-01
7.336138451839625541e-01
7.319123407011712823e-01
7.319103055675900693e-01
7.310550868657101908e-01
7.307038934038130318e-01
7.285054707142852859e-01
7.285041251945553187e-01
7.275385122803071924e-01
7.275338141094659372e-01
7.274526114095664076e-01
7.274505983245561636e-01
7.273043406981166692e-01
7.273023283437967113e-01
7.253196221309738956e-01
7.228054681231861345e-01
7.227955169437181304e-01
7.209851478044058126e-01
7.182849855137500850e-01
7.182817052016724491e-01
7.182384075751482300e-01
7.182331596929103501e-01
7.182193843259695454e-01
7.172667434848899459e-01
7.172595449860502681e-01
7.156900678780684366e-01
7.149469758522302154e-01
7.149085885016092101e-01
7.095900946346187510e-01
7.095881684900455788e-01
7.095207592612128300e-01
7.095143399259492556e-01
7.094880217263512812e-01
7.085814211873701085e-01
7.085814211873701085e-01
7.074884116085028429e-01
7.061920633522059676e-01
7.024226838469955769e-01
7.024176388654416181e-01
7.017119724603637643e-01
7.017100839636312148e-01
7.017081954758723761e-01
7.010458901401935838e-01
7.010163542815305293e-01
7.009698554662301406e-01
7.009698554662301406e-01
7.009554042407661889e-01
7.009440949528773501e-01
6.997540244233908524e-01
6.967312865734121008e-01
6.962839591618825708e-01
6.935248682163597245e-01
6.935187021710158550e-01
6.929056628013093855e-01
6.928976595545695005e-01
6.928391792282199146e-01
6.928391792282199146e-01
6.928268686874744509e-01
6.922259671363284461e-01
6.922210505409895909e-01
6.902079639711011794e-01
6.875802990811776816e-01
6.859305883997960374e-01
6.859209118993604415e-01
6.858961169607770136e-01
6.858840224397443341e-01
6.850980772699044596e-01
6.850003223538819741e-01
6.849942889019443593e-01
6.849478344455343093e-01
6.849478344455343093e-01
6.841794239029533875e-01
6.784822838129259681e-01
6.784822838129259681e-01
6.782035221010794812e-01
6.775305762626092632e-01
6.774666598456946520e-01
6.774648845402848618e-01
6.774471319339123720e-01
6.774471319339123720e-01
6.774453567180463986e-01
6.774364807608150851e-01
6.774364807608150851e-01
6.774364807608150851e-01
6.774347055937881557e-01
6.774329304349008263e-01
6.774317470001646191e-01
6.774317470001646191e-01
6.774258298807467327e-01
6.774240547625567377e-01
6.774240547625567377e-01
6.774210962503273148e-01
6.739844356090499700e-01
6.723989775928373991e-01
6.707037069034080812e-01
6.704897800428563093e-01
6.704839684748339357e-01
6.701987285605116584e-01
6.701958249662097744e-01
6.695233635018771334e-01
6.664131671736294171e-01
6.664102921146990433e-01
6.664102921146990433e-01
6.664102921146990433e-01
6.664102921146990433e-01
6.664102921146990433e-01
6.664102921146990433e-01
6.664091420971778312e-01
6.664091420971778312e-01
6.664091420971778312e-01
6.664091420971778312e-01
6.664091420971778312e-01
6.664091420971778312e-01
6.664091420971778312e-01
6.664074170773787165e-01
6.664045420616678816e-01
6.664045420616678816e-01
6.664016670675666498e-01
6.664016670675666498e-01
6.651060972442974784e-01
6.633223524035750662e-01
6.629358318472444722e-01
6.629341224501318353e-01
6.607223366075080095e-01
6.605852693069388382e-01
6.565941530492624967e-01
6.565879891055675932e-01
6.562944775119945451e-01
6.559122457777024628e-01
6.558876350127256227e-01
6.557439177689481369e-01
6.549301787873232916e-01
6.519837175056089063e-01
6.502842584807089210e-01
6.492282523906351965e-01
6.486171382645699035e-01
6.485622800444174052e-01
6.477989385065667793e-01
6.441880740331799027e-01
6.441864475386027689e-01
6.435737637057910021e-01
6.435640208996380451e-01
6.417034907681228306e-01
6.416954123991811532e-01
6.414170850777228816e-01
6.392985189466791063e-01
6.383221945637183037e-01
6.383152567372528674e-01
6.383125883770244258e-01
6.379589338198720094e-01
6.351402041184163183e-01
6.345898051545200147e-01
6.345861068798578364e-01
6.327599962930736677e-01
6.327573677364821680e-01
6.324074115041526944e-01
6.310281700856056331e-01
6.283895212243864048e-01
6.283884822269132364e-01
6.283084882615375122e-01
6.282991394566119769e-01
6.282975813456337377e-01
6.277039039806572296e-01
6.276136911066690915e-01
6.275551164805439619e-01
6.275494150259834925e-01
6.269186569001338194e-01
6.224502414146592111e-01
6.224435968536149444e-01
6.213825355821424035e-01
6.207414796154545611e-01
6.177169922365209898e-01
6.177129561964329607e-01
6.161126854886024296e-01
6.153064268047870877e-01
6.141431115211554159e-01
6.133826068190594283e-01
6.133796158735381754e-01
6.107705278247397285e-01
6.090150006076199274e-01
6.090085984892206206e-01
6.079302432017111846e-01
6.072949786203072353e-01
6.072861566243191733e-01
6.056187904571048719e-01
6.055661092043085336e-01
6.055612317034085867e-01
6.047972623702662087e-01
6.047948288560084373e-01
6.032083089123414510e-01
6.031700322299810013e-01
6.014108452620848810e-01
6.013949363036487084e-01
6.013862589899440225e-01
6.009603668644943886e-01
6.009555519978420079e-01
6.005806742295614065e-01
6.004287184110118636e-01
6.004224684559537062e-01
6.003532455395924616e-01
6.003469969124487493e-01
6.003114298979609353e-01
6.003099880670927924e-01
6.003099880670927924e-01
5.952863809514825633e-01
5.951759936076906898e-01
5.951745725364394612e-01
5.951745725364394612e-01
5.951745725364394612e-01
5.942227938801070142e-01
5.939640062673098297e-01
5.939640062673098297e-01
5.913546686102665317e-01
5.913438914175923600e-01
5.913424857211696528e-01
5.913326460036134602e-01
5.908756370991405937e-01
5.908756370991405937e-01
5.900983096904921510e-01
5.900913061445468566e-01
5.887571163274690766e-01
5.878127898756444480e-01
5.851947719312892149e-01
5.851855638167569040e-01
5.850755456433913704e-01
5.850718636265797024e-01
5.850718636265797024e-01
5.850718636265797024e-01
5.814734055255137424e-01
5.803746137670982019e-01
5.803714352285788136e-01
5.803618997876864860e-01
5.803618997876864860e-01
5.803187665425921793e-01
5.803119565202571328e-01
5.800795878606844758e-01
5.800795878606844758e-01
5.800773194026196400e-01
5.759431129692583751e-01
5.759431129692583751e-01
5.759395265649773776e-01
5.759395265649773776e-01
5.759372850812197742e-01
5.752547583097172845e-01
5.752422310685331164e-01
5.752203094910280923e-01
5.752180726736882965e-01
5.752167305902462502e-01
5.752086781992414855e-01
5.751809436244568197e-01
5.751755758997935120e-01
5.709640943057715523e-01
5.703363359745282635e-01
5.703332485830229226e-01
5.703319254237422253e-01
5.696445732896163738e-01
5.696401716287499140e-01
5.696309283249403332e-01
5.696186043076514327e-01
5.690728309828299025e-01
5.657001523398214049e-01
5.656966713951994130e-01
5.655839949997175653e-01
5.655826900857610084e-01
5.655826900857610084e-01
5.629914446544684870e-01
5.610115265778610194e-01
5.610080932801928544e-01
5.610068058025251547e-01
5.596332806125744463e-01
5.596311435046089633e-01
5.596268693291325258e-01
5.596089183811245871e-01
5.569982477123519571e-01
5.562602635835057763e-01
5.562560318205910237e-01
5.560969560483265406e-01
5.537907744246272079e-01
5.522601038686225650e-01
5.515633055331131684e-01
5.510833237644736649e-01
5.499081681494454310e-01
5.498932192881454961e-01
5.498334305170418101e-01
5.470139407914657026e-01
5.470106474080864700e-01
5.452451453554928440e-01
5.408990410285583472e-01
5.408800455208341296e-01
5.408562016383914317e-01
5.394922849280237021e-01
5.377982671563823480e-01
5.338164459951210139e-01
5.322111439659483745e-01
5.322020900769713903e-01
5.321627282498639921e-01
5.321583987374873814e-01
5.321513142042448852e-01
5.298983544728836925e-01
5.282401551425932595e-01
5.240929966932561523e-01
5.240841653965673252e-01
5.240565211519203626e-01
5.240453873297535869e-01
5.240288792620813041e-01
5.240269597738320684e-01
5.227163017457294725e-01
5.226268447142803364e-01
5.172173865562040840e-01
5.162246877224513364e-01
5.090049677422673335e-01
5.089566103231281113e-01
5.089434232101277544e-01
5.085736738155061110e-01
5.018746786860655007e-01
5.018617828017022386e-01
4.963047212381459516e-01
4.953422365891833601e-01
4.953394297157737713e-01
4.948349522926667188e-01
4.935680610175682825e-01
4.935607347018300395e-01
4.935349195298706082e-01
4.935223615687835963e-01
4.935206174474428553e-01
4.912676952676175990e-01
4.912676952676175990e-01
4.890488284822963050e-01
4.890436707439285158e-01
4.889639086269640389e-01
4.863074068580796605e-01
4.863046802635783705e-01
4.830955067754075793e-01
4.830921337862440490e-01
4.824391442602330993e-01
4.814286985268133590e-01
4.814276920879234645e-01
4.774701566923473806e-01
4.774582344335983053e-01
4.766192141493383883e-01
4.766192141493383883e-01
4.722600157363610052e-01
4.722567600340173977e-01
4.717883025773619843e-01
4.708376704252948408e-01
4.703066917176679795e-01
4.703057212663593889e-01
4.701272110656403713e-01
4.701055512172444550e-01
4.690000479707259751e-01
4.689910295208795099e-01
4.689894191116772970e-01
4.689878087110419536e-01
4.689868424747726250e-01
4.672122535646918706e-01
4.671827971905740950e-01
4.671712715653035808e-01
4.626196611038606021e-01
4.625108860418737922e-01
4.625093098814258563e-01
4.592876838044075982e-01
4.582668444206302039e-01
4.582662228314595132e-01
4.580136539957523900e-01
4.540200966234493318e-01
4.540185646672735276e-01
4.537493695959677331e-01
4.536352115511884664e-01
4.499347746841114160e-01
4.499317527776288683e-01
4.492661769767936075e-01
4.485765304821640598e-01
4.485007377223256819e-01
4.465127491148110361e-01
4.465112556131641819e-01
4.463153740104937595e-01
4.463070161161473148e-01
4.463046281900132084e-01
4.462777653585948134e-01
4.462732884588655469e-01
4.448569476667082467e-01
4.428553492522318003e-01
4.428547592592213533e-01
4.407004020299128966e-01
4.406995235495628216e-01
4.395775264305926133e-01
4.395693589302356319e-01
4.387854717868260312e-01
4.387749993106271340e-01
4.379433526287416223e-01
4.366505140496818593e-01
4.366438722819605545e-01
4.365205940520557881e-01
4.365185735342340667e-01
4.323194057928205769e-01
4.323185523526868468e-01
4.293857712126855630e-01
4.290868752893182703e-01
4.283505350611458984e-01
4.283496933280089847e-01
4.257424168333924230e-01
4.257396365346191591e-01
4.257396365346191591e-01
4.257090550350507985e-01
4.257034951143491286e-01
4.243584033539766764e-01
4.243584033539766764e-01
4.230526799822111883e-01
4.207485286777589706e-01
4.204263439733165741e-01
4.204263439733165741e-01
4.165669474322600818e-01
4.165615638682463873e-01
4.127543878664470256e-01
4.123298247368416547e-01
4.092315300530268152e-01
4.092262855633788110e-01
4.090113464034009216e-01
4.090061060550896910e-01
4.061076470485213141e-01
4.061076470485213141e-01
4.060972753175063898e-01
4.060946824453262050e-01
4.060946824453262050e-01
4.053929058660496465e-01
4.053929058660496465e-01
4.046954813278123564e-01
4.016245731148869735e-01
4.016220218397754671e-01
3.981160570439234436e-01
3.981160570439234436e-01
3.981160570439234436e-01
3.981135381234547910e-01
3.971304104043224537e-01
3.962733729341613165e-01
3.945325112303103565e-01
3.945325112303103565e-01
3.886741214577597581e-01
3.886595235459212594e-01
3.886595235459212594e-01
3.886570906372889822e-01
3.886546577505627376e-01
3.843801024524539645e-01
3.838155799858901096e-01
3.730167723808802682e-01
3.730167723808802682e-01
3.730007120770973406e-01
3.729938293894288215e-01
3.720434537001169328e-01
3.718697801915295531e-01
3.626784237896580887e-01
3.626541659349016844e-01
3.626453454602568960e-01
3.615846732696471055e-01
3.615671054035830001e-01
3.569770493537985923e-01
3.568605925643472121e-01
3.529280429673574693e-01
3.528367628174680637e-01
3.526140069307584501e-01
3.482328154760327976e-01
3.444658026983349330e-01
3.438034901112427821e-01
3.437830130096668491e-01
3.426858476153728517e-01
3.407444617859511360e-01
3.371357587911201770e-01
3.352312393308367611e-01
3.351620088593433300e-01
3.340648382697445351e-01
3.309501698901359812e-01
3.299684591001632583e-01
3.281013604470522371e-01
3.272803785913234731e-01
3.272439974974747368e-01
3.255516328465493103e-01
3.230398357059603431e-01
3.198270356160053396e-01
3.198066150476592817e-01
3.177751874084702166e-01
3.129256257189618751e-01
3.129003826381890341e-01
3.128967767051017423e-01
3.068614791956099097e-01
3.063858377692500468e-01
3.063840844419425946e-01
3.063735647568494036e-01
3.003789677436600747e-01
3.003499314043788226e-01
2.963612500992834353e-01
2.946692749930659438e-01
2.946659437075748733e-01
2.946043238145685805e-01
2.893364915090693712e-01
2.893364915090693712e-01
2.893072180585277153e-01
2.871065503152082088e-01
2.843305574261966173e-01
2.843289674983590642e-01
2.843273775820517324e-01
2.843098892636342079e-01
2.843019404891525270e-01
2.796728051347290855e-01
2.796712488382341877e-01
2.796712488382341877e-01
2.796292330617733968e-01
2.796245651455547820e-01
2.796074503139878709e-01
2.796027828675202165e-01
2.796027828675202165e-01
2.796027828675202165e-01
2.795996712924598837e-01
2.781174432079629444e-01
2.753052284028996155e-01
2.753037033799388689e-01
2.752305150661741862e-01
2.752289905760174071e-01
2.752274660967315434e-01
2.752274660967315434e-01
2.752061245281091639e-01
2.752030759065065002e-01
2.711955311507202593e-01
2.711940353285897110e-01
2.701346682131766652e-01
2.673036906800469459e-01
2.673036906800469459e-01
2.673022223137030418e-01
2.672934123324258171e-01
2.672801980572874214e-01
2.672801980572874214e-01
2.637542440211514960e-01
2.637528005320480817e-01
2.637484701252530983e-01
2.623831604832680964e-01
2.605331536408704851e-01
2.605331536408704851e-01
2.605331536408704851e-01
2.605331536408704851e-01
2.605246275209177620e-01
2.605246275209177620e-01
2.573788020344249805e-01
2.573746045123194714e-01
2.573718062126050254e-01
2.555444243410067151e-01
2.553545595931604462e-01
2.551676418010985770e-01
2.543114319780432342e-01
2.543045418959417048e-01
2.543004079604020973e-01
2.543004079604020973e-01
2.543004079604020973e-01
2.516013785275351688e-01
2.515973002393923075e-01
2.515973002393923075e-01
2.491009066344750666e-01
2.490968796062280333e-01
2.490928526603711224e-01
2.488165326552652934e-01
2.486544090014463637e-01
2.466264996376863472e-01
2.446863688276431359e-01
2.446837441381085332e-01
2.428928519655112472e-01
2.427251963082997510e-01
2.369858769036898849e-01
2.318744685721184362e-01
2.268662569683674579e-01
2.224302291711139357e-01
2.181183802782384606e-01
2.141826098707774739e-01
2.141814997345420912e-01
2.104549074582185986e-01
2.104494777393841887e-01
2.071293879634087953e-01
2.071283234917152549e-01
2.038184288683955181e-01
2.009001255827166099e-01
2.008960279269476068e-01
1.982052765885995160e-01
1.956161658841276130e-01
1.956062597482711163e-01
1.930889955174269756e-01
1.909743424437893577e-01
1.909724202572558871e-01
1.888225040760459217e-01
1.888196617793782839e-01
1.868815918237388407e-01
1.851357921584681765e-01
1.851357921584681765e-01
1.851357921584681765e-01
1.834407424155875821e-01
1.834370889370348368e-01
