9.882493371857794529e-01
9.882372276436173220e-01
9.876774151217634357e-01
9.876683544622867350e-01
9.876683544622867350e-01
9.876683544622867350e-01
9.870759811329169464e-01
9.864752265794657360e-01
9.864752265794657360e-01
9.858751502274761824e-01
9.858721011202284945e-01
9.858721011202284945e-01
9.858721011202284945e-01
9.852485747281722883e-01
9.852334644710938338e-01
9.846077621497273391e-01
9.846077621497273391e-01
9.846047203104506540e-01
9.845926701184655183e-01
9.839466890869407178e-01
9.839316158437061421e-01
9.839316158437061421e-01
9.839286947220727830e-01
9.832834044143394792e-01
9.832834044143394792e-01
9.826239788042371304e-01
9.826239788042371304e-01
9.826239788042371304e-01
9.826209483199807027e-01
9.826209483199807027e-01
9.826060292654883455e-01
9.819264921656553069e-01
9.819234656676154582e-01
9.819234656676154582e-01
9.819234656676154582e-01
9.812448029676521521e-01
9.812448029676521521e-01
9.812269000961344467e-01
9.812269000961344467e-01
9.812269000961344467e-01
9.805133709109276063e-01
9.805074501573256551e-01
9.805074501573256551e-01
9.805074501573256551e-01
9.805074501573256551e-01
9.798186571516140919e-01
9.798186571516140919e-01
9.798186571516140919e-01
9.798186571516140919e-01
9.798186571516140919e-01
9.798186571516140919e-01
9.790772672802562360e-01
9.790772672802562360e-01
9.783368000613451576e-01
9.776063746840587543e-01
9.776063746840587543e-01
9.768295729359636193e-01
9.768295729359636193e-01
9.760775125673419872e-01
9.760626618766902185e-01
9.752822653999320135e-01
9.745264380928739811e-01
9.745264380928739811e-01
9.736982267631425492e-01
9.736952470496419432e-01
9.729094209058892773e-01
9.729064456540982286e-01
9.729064456540982286e-01
9.720895747732182235e-01
9.720895747732182235e-01
9.712680386775828234e-01
9.712680386775828234e-01
9.712650726968582449e-01
9.712504711896161602e-01
9.712504711896161602e-01
9.712504711896161602e-01
9.703980133457230650e-01
9.703980133457230650e-01
9.695878715134331749e-01
9.695878715134331749e-01
9.695878715134331749e-01
9.695878715134331749e-01
9.695878715134331749e-01
9.695878715134331749e-01
9.687206232199035982e-01
9.687206232199035982e-01
9.687206232199035982e-01
9.678606997948641100e-01
9.678606997948641100e-01
9.678606997948641100e-01
9.669933586609070764e-01
9.669933586609070764e-01
9.669933586609070764e-01
9.669933586609070764e-01
9.669933586609070764e-01
9.667724212826511732e-01
9.662232533167668391e-01
9.662204287045118578e-01
9.662117289944981424e-01
9.662117289944981424e-01
9.661884551562082146e-01
9.661855177549919516e-01
9.661855177549919516e-01
9.661797559773919186e-01
9.661739942631919487e-01
9.661710569430976836e-01
9.661710569430976836e-01
9.661158157995901608e-01
9.661158157995901608e-01
9.661158157995901608e-01
9.652341026303865590e-01
9.652341026303865590e-01
9.652341026303865590e-01
9.651732095694646185e-01
9.651702778601566335e-01
9.643421643238578866e-01
9.643421643238578866e-01
9.643421643238578866e-01
9.634748972349722607e-01
9.634719750320974718e-01
9.634430910596447628e-01
9.634430910596447628e-01
9.625370354375543114e-01
9.625370354375543114e-01
9.617763730169353042e-01
9.617763730169353042e-01
9.616900067473153069e-01
9.616841822993676958e-01
9.616841822993676958e-01
9.616841822993676958e-01
9.616784699231766265e-01
9.616784699231766265e-01
9.616238134850074726e-01
9.616238134850074726e-01
9.616238134850074726e-01
9.606862500394985904e-01
9.606862500394985904e-01
9.600517585392192021e-01
9.600517585392192021e-01
9.600517585392192021e-01
9.597763711277604859e-01
9.597734695625567136e-01
9.588421214806077675e-01
9.588421214806077675e-01
9.582984440517166025e-01
9.582956619905079743e-01
9.579182185392853821e-01
9.579182185392853821e-01
9.569788585577518880e-01
9.569788585577518880e-01
9.569788585577518880e-01
9.569759725433676367e-01
9.565169671828522846e-01
9.565140837311285615e-01
9.565140837311285615e-01
9.565140837311285615e-01
9.560013055683387329e-01
9.560013055683387329e-01
9.560013055683387329e-01
9.548806321485020510e-01
9.548777577643018377e-01
9.548777577643018377e-01
9.548777577643018377e-01
9.547016768048853796e-01
9.547016768048853796e-01
9.540771982856574018e-01
9.540771982856574018e-01
9.528276286566669251e-01
9.528276286566669251e-01
9.528276286566669251e-01
9.528276286566669251e-01
9.521771358040973521e-01
9.521771358040973521e-01
9.521743863410077058e-01
9.521715269148703920e-01
9.521319364824423204e-01
9.521290772905564026e-01
9.521178606132087996e-01
9.521178606132087996e-01
9.521150014989949728e-01
9.521150014989949728e-01
9.521036751631194450e-01
9.511493043391300306e-01
9.511493043391300306e-01
9.511493043391300306e-01
9.510026846852975835e-01
9.510026846852975835e-01
9.509998317206656004e-01
9.509998317206656004e-01
9.501629463888945359e-01
9.501629463888945359e-01
9.501602076008455189e-01
9.493583666325937642e-01
9.493583666325937642e-01
9.493556321016696220e-01
9.493556321016696220e-01
9.491700459448304539e-01
9.491700459448304539e-01
9.491700459448304539e-01
9.491111141317072342e-01
9.491111141317072342e-01
9.491111141317072342e-01
9.491111141317072342e-01
9.481538398356833541e-01
9.481538398356833541e-01
9.481538398356833541e-01
9.471731750467297095e-01
9.471731750467297095e-01
9.471731750467297095e-01
9.471564016614768544e-01
9.471564016614768544e-01
9.471535698450155305e-01
9.471031443301586306e-01
9.470947587071291141e-01
9.470920361315446900e-01
9.465940464424766887e-01
9.465940464424766887e-01
9.461664311387891768e-01
9.461664311387891768e-01
9.461664311387891768e-01
9.452593039003395203e-01
9.452564824794165155e-01
9.452564824794165155e-01
9.452564824794165155e-01
9.451365863637265496e-01
9.451365863637265496e-01
9.441421448134224015e-01
9.441421448134224015e-01
9.441421448134224015e-01
9.437275937410669613e-01
9.432940253386020713e-01
9.432940253386020713e-01
9.431246554441186092e-01
9.431218456925466453e-01
9.431218456925466453e-01
9.421201750870658032e-01
9.421201750870658032e-01
9.421201750870658032e-01
9.420176134439257609e-01
9.420121138706015751e-01
9.420121138706015751e-01
9.420121138706015751e-01
9.420121138706015751e-01
9.412698879853167444e-01
9.412698879853167444e-01
9.410735197269773922e-01
9.410735197269773922e-01
9.408605493205930426e-01
9.408577519138169309e-01
9.408549545222728572e-01
9.400454273632515845e-01
9.400454273632515845e-01
9.393033540720151509e-01
9.390112418070606370e-01
9.390112418070606370e-01
9.390112418070606370e-01
9.379735733343342874e-01
9.379735733343342874e-01
9.378196388628494695e-01
9.378196388628494695e-01
9.372756226922775991e-01
9.367980404296469832e-01
9.367980404296469832e-01
9.367843773648684147e-01
9.367816020993725568e-01
9.367788268489148917e-01
9.352257679534259349e-01
9.352257679534259349e-01
9.347883693973103592e-01
9.347857112599308183e-01
9.331569610239014434e-01
9.331569610239014434e-01
9.316420083411244280e-01
9.316420083411244280e-01
9.315225063804823957e-01
9.315062368375021107e-01
9.315034900827426911e-01
9.315007433427734407e-01
9.310665219071552201e-01
9.310665219071552201e-01
9.289604395744867071e-01
9.289306919755558889e-01
9.285823644982534875e-01
9.285796334599198953e-01
9.267930036855280829e-01
9.267902822382181327e-01
9.267902822382181327e-01
9.263466718376137665e-01
9.262123050256610979e-01
9.261962043056588545e-01
9.261962043056588545e-01
9.261934860526265245e-01
9.261907678141387823e-01
9.254148874937301317e-01
9.254148874937301317e-01
9.246937673040064309e-01
9.246937673040064309e-01
9.246883468752528090e-01
9.246615582987046666e-01
9.225310359060198140e-01
9.225017663098726839e-01
9.224430246345859397e-01
9.222004500844696029e-01
9.221977531590849209e-01
9.221977531590849209e-01
9.221950562480607516e-01
9.220031975115299261e-01
9.220005016363378436e-01
9.208400172940898187e-01
9.208400172940898187e-01
9.208266724471958486e-01
9.208240862772733015e-01
9.202820066436333546e-01
9.202793199216311448e-01
9.189452675973740492e-01
9.181645519440986281e-01
9.181381064007663184e-01
9.180771943099473864e-01
9.176648933922868512e-01
9.176623233528033996e-01
9.158820708603203631e-01
9.156978165848996820e-01
9.156978165848996820e-01
9.156504068433518606e-01
9.156478470490136967e-01
9.156478470490136967e-01
9.156425227184401550e-01
9.154662372337266651e-01
9.136649503658285099e-01
9.133531642922738669e-01
9.133505142251925335e-01
9.123169324346279696e-01
9.123169324346279696e-01
9.114184640506521884e-01
9.114184640506521884e-01
9.100867804139134432e-01
9.092364668876552480e-01
9.092364668876552480e-01
9.088728628998034020e-01
9.088728628998034020e-01
9.088728628998034020e-01
9.088728628998034020e-01
9.088703373908143535e-01
9.069165838731401141e-01
9.055452100175477304e-01
9.055426008878125765e-01
9.055426008878125765e-01
9.055400921220606580e-01
9.047360294197203112e-01
9.047335246988505997e-01
9.046691075918480429e-01
9.046691075918480429e-01
9.042342339770846893e-01
9.042342339770846893e-01
9.042342339770846893e-01
9.042342339770846893e-01
9.042342339770846893e-01
9.042316316826638500e-01
9.042316316826638500e-01
9.042316316826638500e-01
9.023779445796704657e-01
9.023779445796704657e-01
9.021088810514826806e-01
9.021063894778676984e-01
9.021037982545135891e-01
9.001431188892287105e-01
9.001431188892287105e-01
8.998166250298266222e-01
8.998166250298266222e-01
8.993299613550665983e-01
8.993273845339546657e-01
8.985638461643686847e-01
8.985638461643686847e-01
8.977786549624899859e-01
8.954682617211298101e-01
8.954682617211298101e-01
8.951473790785335893e-01
8.951373548400720637e-01
8.950564804061077462e-01
8.940297464149438156e-01
8.940272950076667557e-01
8.916212646220357252e-01
8.916193130127553212e-01
8.907847305650997694e-01
8.907847305650997694e-01
8.904438931597631335e-01
8.904438931597631335e-01
8.904438931597631335e-01
8.904438931597631335e-01
8.904419461927596258e-01
8.904419461927596258e-01
8.904419461927596258e-01
8.904419461927596258e-01
8.904419461927596258e-01
8.887878532621209526e-01
8.884988104883253524e-01
8.884968711758136628e-01
8.881498569899289874e-01
8.881479190487049369e-01
8.862263279840933983e-01
8.861597337994563395e-01
8.856735796599518595e-01
8.856735796599518595e-01
8.845054948787628435e-01
8.845054948787628435e-01
8.837721659995628753e-01
8.837673640423657773e-01
8.836262074605706340e-01
8.836242872423529793e-01
8.835676441796954661e-01
8.835647641983666034e-01
8.815337878065064858e-01
8.815337878065064858e-01
8.815337878065064858e-01
8.815309197281843145e-01
8.815261396348997858e-01
8.815232716012809666e-01
8.815232716012809666e-01
8.815213595881816744e-01
8.815184915825018397e-01
8.814668703466325139e-01
8.814649585533004261e-01
8.809051237482905528e-01
8.807552423435419664e-01
8.807523788136274456e-01
8.807523788136274456e-01
8.807523788136274456e-01
8.807523788136274456e-01
8.807523788136274456e-01
8.807523788136274456e-01
8.807523788136274456e-01
8.807504698029746670e-01
8.807476063009289646e-01
8.791095644677143772e-01
8.785134543360517689e-01
8.785106038784363802e-01
8.784250978674782440e-01
8.784184480259618066e-01
8.772987643596653617e-01
8.772911820236125591e-01
8.767076949544622133e-01
8.767076949544622133e-01
8.758904693649511852e-01
8.743891694957596217e-01
8.743891694957596217e-01
8.736614147556014398e-01
8.736585924660311697e-01
8.734262799812400058e-01
8.734243993601851219e-01
8.733632831246914696e-01
8.733585821931373339e-01
8.733567018332083487e-01
8.720244118155359159e-01
8.720225365972807952e-01
8.709866457188657485e-01
8.700089763498545237e-01
8.700071088824399279e-01
8.696542862768636972e-01
8.696524201714643798e-01
8.695628555366472501e-01
8.695460640048553458e-01
8.695395341213788543e-01
8.695395341213788543e-01
8.695348699726075381e-01
8.695292730531642977e-01
8.695292730531642977e-01
8.695274074276725385e-01
8.695227433952738005e-01
8.695199449973182171e-01
8.695152810365309737e-01
8.695078187923643842e-01
8.695059532492247500e-01
8.695031549479421695e-01
8.684763343368201438e-01
8.684735419598884620e-01
8.683590683287716327e-01
8.683590683287716327e-01
8.672817338024730871e-01
8.672817338024730871e-01
8.672817338024730871e-01
8.663467006332636888e-01
8.663374335368381196e-01
8.660446845057356846e-01
8.634851221960607726e-01
8.634832796832526691e-01
8.634832796832526691e-01
8.634805159272009867e-01
8.634805159272009867e-01
8.634759097022085550e-01
8.627330394229478783e-01
8.627311997737701077e-01
8.609683598094581836e-01
8.589161675519476624e-01
8.589161675519476624e-01
8.587400716512678667e-01
8.587382471601433531e-01
8.587355104364092773e-01
8.587145294041855781e-01
8.587127050097771441e-01
8.575692579872559174e-01
8.575510576866756107e-01
8.575510576866756107e-01
8.575510576866756107e-01
8.575364979416604250e-01
8.575346780044976747e-01
8.559584700540577851e-01
8.552578774852371835e-01
8.552551604859165435e-01
8.540810449649741676e-01
8.540810449649741676e-01
8.540765277242463593e-01
8.540765277242463593e-01
8.540412947054500936e-01
8.540394879536836736e-01
8.540322610146232618e-01
8.540304542968598644e-01
8.514070653274278255e-01
8.514043700504172474e-01
8.511483878748067333e-01
8.511483878748067333e-01
8.511456940531697546e-01
8.495106508174782300e-01
8.495106508174782300e-01
8.494435398749647925e-01
8.494435398749647925e-01
8.494435398749647925e-01
8.478134043158095379e-01
8.478089458219464358e-01
8.478089458219464358e-01
8.477679296312524704e-01
8.477679296312524704e-01
8.459791333435471294e-01
8.456283909341512084e-01
8.456230651903078321e-01
8.456212899555807239e-01
8.456186271158860901e-01
8.456097510909895698e-01
8.456053131405137924e-01
8.450101147343893615e-01
8.450101147343893615e-01
8.450074553071768024e-01
8.447052637782974660e-01
8.446822306448427131e-01
8.446689428052029935e-01
8.440289081121152837e-01
8.439705245356210472e-01
8.437450188760406977e-01
8.437450188760406977e-01
8.437450188760406977e-01
8.437405982641342783e-01
8.437405982641342783e-01
8.437317571634843638e-01
8.437317571634843638e-01
8.436928582714002811e-01
8.436840180574379788e-01
8.436813660252656666e-01
8.436795980120267435e-01
8.436725260247439628e-01
8.410085769772454034e-01
8.410059398265289365e-01
8.406983727179461185e-01
8.406966157639257364e-01
8.406895880128569809e-01
8.406895880128569809e-01
8.406878310913425967e-01
8.406878310913425967e-01
8.406878310913425967e-01
8.402110672586451390e-01
8.402110672586451390e-01
8.365490737767372620e-01
8.365473321355124670e-01
8.365046639278266305e-01
8.365003102454074968e-01
8.364689649144597672e-01
8.364689649144597672e-01
8.364689649144597672e-01
8.358042365973944454e-01
8.358042365973944454e-01
8.358042365973944454e-01
8.337732191855358188e-01
8.337714877428178406e-01
8.337714877428178406e-01
8.337662934527619862e-01
8.327951007314557952e-01
8.327933728736419683e-01
8.324133979405806683e-01
8.324116714805164241e-01
8.324090818022706895e-01
8.323736909581277432e-01
8.323711014884450643e-01
8.323693751832229593e-01
8.306909488784380846e-01
8.306866484871000544e-01
8.290467664382765722e-01
8.290424810456248350e-01
8.284061054445789329e-01
8.283949786773717738e-01
8.283932668904109287e-01
8.283889874502837758e-01
8.283889874502837758e-01
8.283864198049097904e-01
8.258308816768258342e-01
8.258070477407694066e-01
8.257985359142661075e-01
8.257917265642858995e-01
8.254505345218755563e-01
8.252957611541084093e-01
8.245574645824828020e-01
8.245549178162430159e-01
8.245549178162430159e-01
8.219576495305367381e-01
8.219424537869206571e-01
8.219272585372131568e-01
8.219179727944128100e-01
8.215407899373211587e-01
8.214387413138326544e-01
8.209060889380632720e-01
8.209060889380632720e-01
8.204262108214757099e-01
8.177864625099778850e-01
8.177780954862867713e-01
8.177755854084816090e-01
8.177739120307916387e-01
8.177714019755264463e-01
8.177688919337845475e-01
8.177688919337845475e-01
8.177688919337845475e-01
8.177688919337845475e-01
8.177647085609343058e-01
8.177630352223124177e-01
8.177304063204627882e-01
8.172688268112735521e-01
8.172663194764165917e-01
8.172621406149880308e-01
8.169054041400199973e-01
8.153862824599711345e-01
8.139359992108362585e-01
8.139359992108362585e-01
8.138339435566116498e-01
8.138314546745000211e-01
8.106845982676774698e-01
8.106845982676774698e-01
8.106845982676774698e-01
8.103756959646734037e-01
8.103378181351302834e-01
8.103353479495382095e-01
8.103246439642702859e-01
8.103205271127560394e-01
8.101896303237453578e-01
8.101896303237453578e-01
8.101344836396878746e-01
8.074599572209470999e-01
8.070019427166967851e-01
8.069684273548289877e-01
8.069659751068058995e-01
8.069537140620783866e-01
8.064472089452847658e-01
8.064431264852927050e-01
8.049765977054219590e-01
8.043161876241647912e-01
8.043145621665326317e-01
8.043145621665326317e-01
8.038239362527114240e-01
8.038174414026506565e-01
8.027875442915789472e-01
8.027859242228881920e-01
8.014117336723259877e-01
8.014117336723259877e-01
7.997172560447791678e-01
7.989832070436624356e-01
7.988595072704836042e-01
7.988305952524712428e-01
7.988097154844190362e-01
7.987294175454321410e-01
7.987254030176546005e-01
7.971288069387442166e-01
7.960674941443298680e-01
7.960674941443298680e-01
7.960635028861768880e-01
7.952532011229394016e-01
7.945636627311106759e-01
7.936750100218549209e-01
7.936710396078278107e-01
7.918585852099793154e-01
7.918459305051299690e-01
7.918301126182020200e-01
7.916126723326354364e-01
7.916087198331671626e-01
7.916087198331671626e-01
7.912389176123846291e-01
7.912389176123846291e-01
7.906895100292365974e-01
7.906895100292365974e-01
7.906847766377305131e-01
7.896296708499099815e-01
7.883454179094072645e-01
7.883234427191091465e-01
7.883234427191091465e-01
7.883148098994205988e-01
7.883053924650118560e-01
7.882991142838493559e-01
7.878371213879409307e-01
7.878371213879409307e-01
7.878355534516821024e-01
7.878355534516821024e-01
7.876302005924755711e-01
7.876239317369919668e-01
7.876137450314145694e-01
7.876035585543623707e-01
7.845469996844814942e-01
7.843789175315254436e-01
7.841409079046555153e-01
7.841409079046555153e-01
7.841253560753455032e-01
7.803774523339143121e-01
7.803774523339143121e-01
7.792475816898533081e-01
7.774343207734605299e-01
7.774266594709324796e-01
7.768463120772817199e-01
7.768440166744697839e-01
7.765732413520052280e-01
7.765633007279811872e-01
7.765610067690247309e-01
7.742363729053328703e-01
7.742363729053328703e-01
7.731119400977656264e-01
7.731096637025346441e-01
7.710164879976322272e-01
7.696598360529132155e-01
7.696575771434345237e-01
7.696523063990434732e-01
7.696523063990434732e-01
7.696477886676019731e-01
7.696462827672680973e-01
7.696462827672680973e-01
7.696425180386281539e-01
7.696364945387557110e-01
7.696304711200514515e-01
7.696229419608123790e-01
7.696229419608123790e-01
7.696206832377705531e-01
7.696191774287499676e-01
7.694626009825672464e-01
7.694603430696671520e-01
7.690180122510112959e-01
7.685693586754177575e-01
7.658234087355485498e-01
7.658234087355485498e-01
7.658099714680178804e-01
7.656741285263962693e-01
7.656472634008413269e-01
7.656450247135164755e-01
7.656412935929788333e-01
7.656390549356578701e-01
7.656375625036947463e-01
7.656353238651264492e-01
7.656353238651264492e-01
7.656338314456644367e-01
7.656338314456644367e-01
7.644667996948291133e-01
7.637484297971158798e-01
7.622003753316464181e-01
7.621966729980962363e-01
7.605994085787669556e-01
7.588072243821101237e-01
7.585956454154980655e-01
7.585919730624947066e-01
7.578185205731897689e-01
7.553144690961464125e-01
7.549304314936031712e-01
7.549304314936031712e-01
7.537076758672862642e-01
7.526411745919724394e-01
7.526411745919724394e-01
7.514449827204964238e-01
7.514319749216202826e-01
7.514175222629718709e-01
7.514153544051386246e-01
7.514139091725194897e-01
7.514117413324963302e-01
7.514095735031589562e-01
7.514095735031589562e-01
7.486607172336049443e-01
7.478607658233208388e-01
7.478528811913655039e-01
7.452579607117715277e-01
7.452522604054845345e-01
7.449466902587505990e-01
7.446925673141471247e-01
7.442466078443126243e-01
7.442444751605430397e-01
7.435419672933958335e-01
7.407869160251894236e-01
7.407869160251894236e-01
7.403089979309487312e-01
7.403054754089302136e-01
7.402963169850610425e-01
7.386425108656232696e-01
7.385597047365726198e-01
7.385597047365726198e-01
7.385597047365726198e-01
7.385597047365726198e-01
7.385575997016080585e-01
7.385575997016080585e-01
7.385575997016080585e-01
7.385575997016080585e-01
7.384804221252274647e-01
7.384804221252274647e-01
7.384804221252274647e-01
7.384783174741882394e-01
7.384783174741882394e-01
7.384748097451040438e-01
7.372775239531074165e-01
7.372761247311983013e-01
7.366196877055581904e-01
7.353439132448765791e-01
7.353418237486124553e-01
7.353348588338215475e-01
7.353237152029690193e-01
7.353223222692594208e-01
7.352881967918140083e-01
7.352561630745693133e-01
7.337234056609230892e-01
7.337213239687482291e-01
7.336928751792626269e-01
7.336928751792626269e-01
7.336769169210666242e-01
7.336748354525149951e-01
7.336748354525149951e-01
7.335749367348048944e-01
7.320412003849505744e-01
7.303145710777401156e-01
7.303125057447322765e-01
7.294445650406463644e-01
7.290881291727752123e-01
7.268566491802667118e-01
7.268552833009657155e-01
7.258750191224073722e-01
7.258702494697054641e-01
7.257878109839790426e-01
7.257857672555492190e-01
7.256372823429948493e-01
7.256352393306446658e-01
7.236221568682366101e-01
7.210689951318617341e-01
7.210588884674054011e-01
7.192200893730748001e-01
7.164769928610790206e-01
7.164736600025035651e-01
7.164296687138881348e-01
7.164243367452931555e-01
7.164103406453862233e-01
7.154423946195468398e-01
7.154350801665161352e-01
7.138402132153526258e-01
7.130850245356361583e-01
7.130460109658476320e-01
7.076394995823045431e-01
7.076375411084282474e-01
7.075690002448151716e-01
7.075624731237409870e-01
7.075357129821978619e-01
7.066138510884987234e-01
7.066138510884987234e-01
7.055023452665096784e-01
7.041839222156939249e-01
7.003495057139429436e-01
7.003443728364484588e-01
6.996263895769698760e-01
6.996244680582656139e-01
6.996225465483731920e-01
6.989486404515526941e-01
6.989185863365047213e-01
6.988712714629461420e-01
6.988712714629461420e-01
6.988565665777958236e-01
6.988450587670298475e-01
6.976340337594583163e-01
6.945575012277651616e-01
6.941021431589629032e-01
6.912931214230677579e-01
6.912868430237700812e-01
6.906626161035966938e-01
6.906544665788891812e-01
6.905949172130284586e-01
6.905949172130284586e-01
6.905823815922541575e-01
6.899704768190708659e-01
6.899654700606064894e-01
6.879152829801423730e-01
6.852386397098632065e-01
6.835578596523900208e-01
6.835480001842699771e-01
6.835227363729124983e-01
6.835104131240156145e-01
6.827095759492910476e-01
6.826099648642269813e-01
6.826038168207682055e-01
6.825564799583159203e-01
6.825564799583159203e-01
6.817734449772060445e-01
6.759662025264309149e-01
6.759662025264309149e-01
6.756819776949478662e-01
6.749958144180404629e-01
6.749306404628004907e-01
6.749288302234203174e-01
6.749107282703598054e-01
6.749107282703598054e-01
6.749089181191265663e-01
6.748998674831544475e-01
6.748998674831544475e-01
6.748998674831544475e-01
6.748980573799984173e-01
6.748962472848553107e-01
6.748950405592112345e-01
6.748950405592112345e-01
6.748890069844075690e-01
6.748871969293269713e-01
6.748871969293269713e-01
6.748841801886640290e-01
6.713793415333271231e-01
6.697620673312957296e-01
6.680325229545317489e-01
6.678142524384348411e-01
6.678083228117306369e-01
6.675172846209571631e-01
6.675143219650077064e-01
6.668281613079485304e-01
6.636540676262874250e-01
6.636511330919415697e-01
6.636511330919415697e-01
6.636511330919415697e-01
6.636511330919415697e-01
6.636511330919415697e-01
6.636511330919415697e-01
6.636499592841679229e-01
6.636499592841679229e-01
6.636499592841679229e-01
6.636499592841679229e-01
6.636499592841679229e-01
6.636499592841679229e-01
6.636499592841679229e-01
6.636481985788977855e-01
6.636452640871554065e-01
6.636452640871554065e-01
6.636423296167143215e-01
6.636423296167143215e-01
6.623198808878695276e-01
6.604988781484629756e-01
6.601042458374011268e-01
6.601025005355274367e-01
6.578440339503808243e-01
6.577040590769241968e-01
6.536275280070865668e-01
6.536212310227008659e-01
6.533213803503989947e-01
6.529308816306383934e-01
6.529057381222310719e-01
6.527589087614978913e-01
6.519275131747137575e-01
6.489166140750902700e-01
6.471796289097062616e-01
6.461001724633786969e-01
6.454754411958292248e-01
6.454193589368326656e-01
6.446389567413274291e-01
6.409466722191763388e-01
6.409450087827897047e-01
6.403183922907277337e-01
6.403084276547251763e-01
6.384053783220354772e-01
6.383971146527216423e-01
6.381123994968042057e-01
6.359449810663309055e-01
6.349460070658859978e-01
6.349389079820458859e-01
6.349361775993982437e-01
6.345742971401232557e-01
6.316896019462253653e-01
6.311262388526247546e-01
6.311224533765581457e-01
6.292531351251607896e-01
6.292504441587118968e-01
6.288921733842062212e-01
6.274800561021302014e-01
6.247780383948468019e-01
6.247769743229253381e-01
6.246950495497982647e-01
6.246854750563579639e-01
6.246838793304302362e-01
6.240758540496946782e-01
6.239834581785387302e-01
6.239234657591741229e-01
6.239176262851560129e-01
6.232715810734660300e-01
6.186938589538490962e-01
6.186870505390900110e-01
6.175997737805953847e-01
6.169428313258957797e-01
6.138429055450148608e-01
6.138387683009625118e-01
6.121982587221409533e-01
6.113716421483311736e-01
6.101788538575936283e-01
6.093990180935808798e-01
6.093959510232161980e-01
6.067201629692100529e-01
6.049194271226546737e-01
6.049128596525972235e-01
6.038066029976301152e-01
6.031548551315255580e-01
6.031458039881120170e-01
6.014350099211178691e-01
6.013809526968647567e-01
6.013759477895667116e-01
6.005919977586230418e-01
6.005895005198300662e-01
5.989613292197634165e-01
5.989220450281966812e-01
5.971164203984593577e-01
5.971000903039560548e-01
5.970911832786851559e-01
5.966540089171216144e-01
5.966490664139775246e-01
5.962642451299060564e-01
5.961082553895530323e-01
5.961018394777226614e-01
5.960307782483994510e-01
5.960243636604136697e-01
5.959878519393531082e-01
5.959863718093407758e-01
5.959863718093407758e-01
5.908282768724580913e-01
5.907149109763161210e-01
5.907134515541694331e-01
5.907134515541694331e-01
5.907134515541694331e-01
5.897359498391274713e-01
5.894701553586217946e-01
5.894701553586217946e-01
5.867898637504446180e-01
5.867787923574157016e-01
5.867773482870076718e-01
5.867672399513855774e-01
5.862977463886733798e-01
5.862977463886733798e-01
5.854991451690451099e-01
5.854919497300412612e-01
5.841211321809778312e-01
5.831507950254650741e-01
5.804602959527630501e-01
5.804508319524107618e-01
5.803377559503446470e-01
5.803339715796586029e-01
5.803339715796586029e-01
5.803339715796586029e-01
5.766349760548741266e-01
5.755052850161014311e-01
5.755020169586904100e-01
5.754922129613868620e-01
5.754922129613868620e-01
5.754478648232005389e-01
5.754408629763853034e-01
5.752019468314580886e-01
5.752019468314580886e-01
5.751996144343047845e-01
5.709482296391718004e-01
5.709482296391718004e-01
5.709445410224331940e-01
5.709445410224331940e-01
5.709422356559387124e-01
5.702402392279116716e-01
5.702273543107996279e-01
5.702048068034608619e-01
5.702025061159475827e-01
5.702011257104210307e-01
5.701928433872135438e-01
5.701643168277392704e-01
5.701587958164352488e-01
5.658263886721472957e-01
5.651804938678027801e-01
5.651773172081689944e-01
5.651759557911532061e-01
5.644687124562208780e-01
5.644641833060696223e-01
5.644546722755358070e-01
5.644419912909132142e-01
5.638803985568392463e-01
5.604094890556476916e-01
5.604059063101444194e-01
5.602899342118161652e-01
5.602885911248421946e-01
5.602885911248421946e-01
5.576213084825172306e-01
5.555829790787263356e-01
5.555794442595562987e-01
5.555781187113837394e-01
5.541639146170540542e-01
5.541617141163250881e-01
5.541573131555997955e-01
5.541388297135969587e-01
5.514504872853257522e-01
5.506904651069586265e-01
5.506861068700248385e-01
5.505222759758587880e-01
5.481469728823130660e-01
5.465702361329657366e-01
5.458524181993397173e-01
5.453579395776961825e-01
5.441472302007858142e-01
5.441318285173936120e-01
5.440702285221147294e-01
5.411650776941058227e-01
5.411616839703292658e-01
5.393422988030404097e-01
5.348627770075606858e-01
5.348431960105453076e-01
5.348186171711196701e-01
5.334126067940113680e-01
5.316661652861049969e-01
5.275605185446706757e-01
5.259050639580036268e-01
5.258957268421055042e-01
5.258551336371043439e-01
5.258506686774790939e-01
5.258433625051316396e-01
5.235197938252547090e-01
5.218094693310327825e-01
5.175313907559512261e-01
5.175222798495998644e-01
5.174937603324383240e-01
5.174822739816452577e-01
5.174652432114754674e-01
5.174632629448242538e-01
5.161110674215987348e-01
5.160187726396350261e-01
5.104371103675493515e-01
5.094126866028747536e-01
5.019612055222062441e-01
5.019112901106045355e-01
5.018976781194673942e-01
5.015160135881597814e-01
4.946004934523394736e-01
4.945871796601817860e-01
4.888497110729143058e-01
4.878559216315660474e-01
4.878530234427032042e-01
4.873321319514069550e-01
4.860240032771763752e-01
4.860164384223688017e-01
4.859897827228136236e-01
4.859768158781831437e-01
4.859750149685888587e-01
4.836487051105766155e-01
4.836487051105766155e-01
4.813575040226313329e-01
4.813521780889175039e-01
4.812698148768076445e-01
4.785266552555315633e-01
4.785238396930923122e-01
4.752099304457732543e-01
4.752064473590575933e-01
4.745321433664637101e-01
4.734887148237375554e-01
4.734876755328867870e-01
4.694009763840094052e-01
4.693886651055708681e-01
4.685222699709405969e-01
4.685222699709405969e-01
4.640209366799079027e-01
4.640175748979007420e-01
4.635338552244333554e-01
4.625522607479949366e-01
4.620039935384659957e-01
4.620029914934178916e-01
4.618186700092847263e-01
4.617963050718954521e-01
4.606548245239209249e-01
4.606455126620557228e-01
4.606438498589155439e-01
4.606421870646647543e-01
4.606411893923812451e-01
4.588088932131800801e-01
4.587784794532716037e-01
4.587665792288074251e-01
4.540672605128306949e-01
4.539549615716668152e-01
4.539533343521731101e-01
4.506274897856311079e-01
4.495736915289966218e-01
4.495730498813605425e-01
4.493123317849447851e-01
4.451902164182645616e-01
4.451886352599431773e-01
4.449107958296237286e-01
4.447929728209049083e-01
4.409740303110361026e-01
4.409709118733917688e-01
4.402840853075679073e-01
4.395724413856264001e-01
4.394942324695521041e-01
4.374429705700361715e-01
4.374414296081546305e-01
4.372393243084961578e-01
4.372307009048719828e-01
4.372282371209948448e-01
4.372005209527651814e-01
4.371959018414484643e-01
4.357346229145552252e-01
4.336697032994305534e-01
4.336690946750891840e-01
4.314468415158624892e-01
4.314459354064063556e-01
4.302886892875353864e-01
4.302802654829817053e-01
4.294717989381180434e-01
4.294609983556915145e-01
4.286033186746620038e-01
4.272701014640128969e-01
4.272632525485228761e-01
4.271361299847515336e-01
4.271340464673505921e-01
4.228045758232877316e-01
4.228036960322503757e-01
4.197806973673468556e-01
4.194726454889344813e-01
4.187137806669380957e-01
4.187129132110166130e-01
4.160262497204813004e-01
4.160233850815086010e-01
4.160233850815086010e-01
4.159918759391006970e-01
4.159861473756346628e-01
4.146003376909501159e-01
4.146003376909501159e-01
4.132552458224336700e-01
4.108820149898892993e-01
4.105502120321463666e-01
4.105502120321463666e-01
4.065764164882620380e-01
4.065708744280194797e-01
4.026524044677407543e-01
4.022155308787172534e-01
3.990280384550572990e-01
3.990226439533720026e-01
3.988015596134596441e-01
3.987961695123201644e-01
3.958154045372712093e-01
3.958154045372712093e-01
3.958047401917372810e-01
3.958020741697949041e-01
3.958020741697949041e-01
3.950805310311685248e-01
3.950805310311685248e-01
3.943635259174826380e-01
3.912071708496290823e-01
3.912045491191440960e-01
3.876026301432840548e-01
3.876026301432840548e-01
3.876026301432840548e-01
3.876000429163242722e-01
3.865903264365252445e-01
3.857102270900196750e-01
3.839228617721044401e-01
3.839228617721044401e-01
3.779114763889891981e-01
3.778965042334461177e-01
3.778965042334461177e-01
3.778940089563014304e-01
3.778915137026166438e-01
3.735089434563741428e-01
3.729303946916666668e-01
3.618747717059074276e-01
3.618747717059074276e-01
3.618583465339723082e-01
3.618513074972734000e-01
3.608794366668355291e-01
3.607018553257214655e-01
3.513129772635524284e-01
3.512882231326362459e-01
3.512792222392664421e-01
3.501969864591543691e-01
3.501790636488388841e-01
3.454987912504433600e-01
3.453801120122226287e-01
3.413745051254611362e-01
3.412815758026558344e-01
3.410548043538275675e-01
3.365972721193501993e-01
3.327687477528069038e-01
3.320960261603144170e-01
3.320752291996392769e-01
3.309610987770227886e-01
3.289905346246293494e-01
3.253305073073488596e-01
3.234004632033222193e-01
3.233303255647304031e-01
3.222189734484146584e-01
3.190660737426189164e-01
3.180729436794364484e-01
3.161849754464800544e-01
3.153551726985910353e-01
3.153184057795010986e-01
3.136085718143980516e-01
3.110725934363232636e-01
3.078319660114072764e-01
3.078113798776522803e-01
3.057642052595996862e-01
3.008829435483904025e-01
3.008575575609636066e-01
3.008539312327955240e-01
2.947912159888983474e-01
2.943139932196975894e-01
2.943122342221177190e-01
2.943016805408327774e-01
2.882946442856635372e-01
2.882655818198963105e-01
2.842765041772628010e-01
2.825862979076365078e-01
2.825829712557010875e-01
2.825214378895338219e-01
2.772668020334725369e-01
2.772668020334725369e-01
2.772376342678400385e-01
2.750459493271565359e-01
2.722842348755777908e-01
2.722826540757524727e-01
2.722810732884839435e-01
2.722636854572459408e-01
2.722557823998140170e-01
2.676579468897026248e-01
2.676564026974580512e-01
2.676564026974580512e-01
2.676147141075110869e-01
2.676100825895992297e-01
2.675931012941914489e-01
2.675884702873201348e-01
2.675884702873201348e-01
2.675884702873201348e-01
2.675853830102389308e-01
2.661152173442465907e-01
2.633285816534141621e-01
2.633270714645490895e-01
2.632545962950949558e-01
2.632530866851828244e-01
2.632515770870829663e-01
2.632515770870829663e-01
2.632304439539091545e-01
2.632274251238597707e-01
2.592626853584150681e-01
2.592612068797638947e-01
2.582143804945633003e-01
2.554194543699782605e-01
2.554194543699782605e-01
2.554180056658582609e-01
2.554093136760625660e-01
2.553962764464401403e-01
2.553962764464401403e-01
2.519204746555349650e-01
2.519190528908065163e-01
2.519147876621040116e-01
2.505704679249528000e-01
2.487503076429910531e-01
2.487503076429910531e-01
2.487503076429910531e-01
2.487503076429910531e-01
2.487419228316300746e-01
2.487419228316300746e-01
2.456505973443655622e-01
2.456464756989981957e-01
2.456437279875879620e-01
2.438501837293947649e-01
2.436639266735007581e-01
2.434805775174091469e-01
2.426409294882510281e-01
2.426341741148856646e-01
2.426301210133519071e-01
2.426301210133519071e-01
2.426301210133519071e-01
2.399856301100108114e-01
2.399816368984055148e-01
2.399816368984055148e-01
2.375388356003263757e-01
2.375348974719217743e-01
2.375309594319843787e-01
2.372607588138628265e-01
2.371022428644965485e-01
2.351205430801987517e-01
2.332265022880669336e-01
2.332239411986473943e-01
2.314772318861960942e-01
2.313137929297897910e-01
2.257271468071347098e-01
2.207653352937073710e-01
2.159161244964646342e-01
2.116311395309739551e-01
2.074752062014449672e-01
2.036894840917536087e-01
2.036884173088396865e-01
2.001105937149368352e-01
2.001053854470767890e-01
1.969232287896942324e-01
1.969222093439830235e-01
1.937547710644658416e-01
1.909660734977937646e-01
1.909621604179833898e-01
1.883941564204264785e-01
1.859260178079659431e-01
1.859165798106142409e-01
1.835195567087075375e-01
1.815078490556739643e-01
1.815060212326257416e-01
1.794625258476667262e-01
1.794598253929452769e-01
1.776191637622876740e-01
1.759622657618780117e-01
1.759622657618780117e-01
1.759622657618780117e-01
1.743545489920508285e-01
1.743510848062731766e-01
