9.883293070699599170e-01
9.883173608245445774e-01
9.877652753806340780e-01
9.877563426483524367e-01
9.877563426483524367e-01
9.877563426483524367e-01
9.871725305263913119e-01
9.865808548363531605e-01
9.865808548363531605e-01
9.859902444934274257e-01
9.859872444969036698e-01
9.859872444969036698e-01
9.859872444969036698e-01
9.853739755342670881e-01
9.853591191444071029e-01
9.847441486891879148e-01
9.847441486891879148e-01
9.847411600682380861e-01
9.847293207990183150e-01
9.840948786702468087e-01
9.840800801028295464e-01
9.840800801028295464e-01
9.840772122406443723e-01
9.834439145545209593e-01
9.834439145545209593e-01
9.827972108064652046e-01
9.827972108064652046e-01
9.827972108064652046e-01
9.827942398734232921e-01
9.827942398734232921e-01
9.827796141338743796e-01
9.821136916981598741e-01
9.821107269500796155e-01
9.821107269500796155e-01
9.821107269500796155e-01
9.814461598316975843e-01
9.814461598316975843e-01
9.814286354932688639e-01
9.814286354932688639e-01
9.814286354932688639e-01
9.807304725180869820e-01
9.807246815495852532e-01
9.807246815495852532e-01
9.807246815495852532e-01
9.807246815495852532e-01
9.800512424684795221e-01
9.800512424684795221e-01
9.800512424684795221e-01
9.800512424684795221e-01
9.800512424684795221e-01
9.800512424684795221e-01
9.793269432656451778e-01
9.793269432656451778e-01
9.786041271133900654e-01
9.778916806674047280e-01
9.778916806674047280e-01
9.771346149898224587e-01
9.771346149898224587e-01
9.764022641466171271e-01
9.763878086001255285e-01
9.756284998632501759e-01
9.748936991692147558e-01
9.748936991692147558e-01
9.740892061921929690e-01
9.740863130881476373e-01
9.733236465145337357e-01
9.733207601521560726e-01
9.733207601521560726e-01
9.725286368349410626e-01
9.725286368349410626e-01
9.717326758987095969e-01
9.717326758987095969e-01
9.717298034945687224e-01
9.717156627945162661e-01
9.717156627945162661e-01
9.717156627945162661e-01
9.708904820138727354e-01
9.708904820138727354e-01
9.701069433979139234e-01
9.701069433979139234e-01
9.701069433979139234e-01
9.701069433979139234e-01
9.701069433979139234e-01
9.701069433979139234e-01
9.692689046180058554e-01
9.692689046180058554e-01
9.692689046180058554e-01
9.684386867445411440e-01
9.684386867445411440e-01
9.684386867445411440e-01
9.676020528349394967e-01
9.676020528349394967e-01
9.676020528349394967e-01
9.676020528349394967e-01
9.676020528349394967e-01
9.673890566775836808e-01
9.668598365934943928e-01
9.668571153511943406e-01
9.668487340665489205e-01
9.668487340665489205e-01
9.668263124601995662e-01
9.668234826574844121e-01
9.668234826574844121e-01
9.668179319614252920e-01
9.668123813591571469e-01
9.668095516764485531e-01
9.668095516764485531e-01
9.667563364145479454e-01
9.667563364145479454e-01
9.667563364145479454e-01
9.659073649050388122e-01
9.659073649050388122e-01
9.659073649050388122e-01
9.658487612240366227e-01
9.658459398290667464e-01
9.650493230587147142e-01
9.650493230587147142e-01
9.650493230587147142e-01
9.642157584709342144e-01
9.642129510616131993e-01
9.641852021901647918e-01
9.641852021901647918e-01
9.633151632583790702e-01
9.633151632583790702e-01
9.625853494302756275e-01
9.625853494302756275e-01
9.625025208936291987e-01
9.624969352841854509e-01
9.624969352841854509e-01
9.624969352841854509e-01
9.624914571824716436e-01
9.624914571824716436e-01
9.624390438823104965e-01
9.624390438823104965e-01
9.624390438823104965e-01
9.615404039509467538e-01
9.615404039509467538e-01
9.609327296017560194e-01
9.609327296017560194e-01
9.609327296017560194e-01
9.606691006897246643e-01
9.606663233986987294e-01
9.597752767638365601e-01
9.597752767638365601e-01
9.592555037912627869e-01
9.592528447670687353e-01
9.588921611784214649e-01
9.588921611784214649e-01
9.579950913525381306e-01
9.579950913525381306e-01
9.579950913525381306e-01
9.579923365367998267e-01
9.575542963376911798e-01
9.575515452076845957e-01
9.575515452076845957e-01
9.575515452076845957e-01
9.570624211984538610e-01
9.570624211984538610e-01
9.570624211984538610e-01
9.559942906333920298e-01
9.559915525038356066e-01
9.559915525038356066e-01
9.559915525038356066e-01
9.558238328111574589e-01
9.558238328111574589e-01
9.552292373506953149e-01
9.552292373506953149e-01
9.540405334208299504e-01
9.540405334208299504e-01
9.540405334208299504e-01
9.540405334208299504e-01
9.534222875202816860e-01
9.534222875202816860e-01
9.534196751698299499e-01
9.534169583473164344e-01
9.533793431055145318e-01
9.533766266153080871e-01
9.533659698313862174e-01
9.533659698313862174e-01
9.533632534513563073e-01
9.533632534513563073e-01
9.533524926273138078e-01
9.524461882010866187e-01
9.524461882010866187e-01
9.524461882010866187e-01
9.523070256064768424e-01
9.523070256064768424e-01
9.523043179347352449e-01
9.523043179347352449e-01
9.515103674529060696e-01
9.515103674529060696e-01
9.515077702015164451e-01
9.507476546816298058e-01
9.507476546816298058e-01
9.507450634262482048e-01
9.507450634262482048e-01
9.505692165539744165e-01
9.505692165539744165e-01
9.505692165539744165e-01
9.505133837866204249e-01
9.505133837866204249e-01
9.505133837866204249e-01
9.505133837866204249e-01
9.496068800511887620e-01
9.496068800511887620e-01
9.496068800511887620e-01
9.486790635765200985e-01
9.486790635765200985e-01
9.486790635765200985e-01
9.486632014526996670e-01
9.486632014526996670e-01
9.486605235069491826e-01
9.486128391082628841e-01
9.486049095410287180e-01
9.486023350471458615e-01
9.481315401358690886e-01
9.481315401358690886e-01
9.477274491462270856e-01
9.477274491462270856e-01
9.477274491462270856e-01
9.468707514394597569e-01
9.468680879804519668e-01
9.468680879804519668e-01
9.468680879804519668e-01
9.467549108046858786e-01
9.467549108046858786e-01
9.458166750843604031e-01
9.458166750843604031e-01
9.458166750843604031e-01
9.454258053461083167e-01
9.450171619590523875e-01
9.450171619590523875e-01
9.448575724027084011e-01
9.448549251076757693e-01
9.448549251076757693e-01
9.439115976710321654e-01
9.439115976710321654e-01
9.439115976710321654e-01
9.438150578465066554e-01
9.438098814272910531e-01
9.438098814272910531e-01
9.438098814272910531e-01
9.438098814272910531e-01
9.431115029390556570e-01
9.431115029390556570e-01
9.429268128923993242e-01
9.429268128923993242e-01
9.427265446757224776e-01
9.427239143680166134e-01
9.427212840812001504e-01
9.419603901820682301e-01
9.419603901820682301e-01
9.412633783138480981e-01
9.409891297298652590e-01
9.409891297298652590e-01
9.409891297298652590e-01
9.400154890313019429e-01
9.400154890313019429e-01
9.398711284655296705e-01
9.398711284655296705e-01
9.393611030952270236e-01
9.389135605251299754e-01
9.389135605251299754e-01
9.389007596020244595e-01
9.388981594748588844e-01
9.388955593680664569e-01
9.374414948881720777e-01
9.374414948881720777e-01
9.370323290599691379e-01
9.370298429682279995e-01
9.355075770546454894e-01
9.355075770546454894e-01
9.340935633176633557e-01
9.340935633176633557e-01
9.339821006810595794e-01
9.339669265168304424e-01
9.339643647132274129e-01
9.339618029293484947e-01
9.335568949716183118e-01
9.335568949716183118e-01
9.315950778748579575e-01
9.315673926041753150e-01
9.312432645789276986e-01
9.312407236439840252e-01
9.295796831094266244e-01
9.295771548206506196e-01
9.295771548206506196e-01
9.291651053926376358e-01
9.290403276173576641e-01
9.290253768354239661e-01
9.290253768354239661e-01
9.290228527435249184e-01
9.290203286707173769e-01
9.283000979664030039e-01
9.283000979664030039e-01
9.276311055674065775e-01
9.276311055674065775e-01
9.276260784414399607e-01
9.276012339491374048e-01
9.256270354365028208e-01
9.255999368288659879e-01
9.255455540502621758e-01
9.253210064780702515e-01
9.253185102181010757e-01
9.253185102181010757e-01
9.253160139767607761e-01
9.251384446061735600e-01
9.251359497081772520e-01
9.240624724140589219e-01
9.240624724140589219e-01
9.240501337988481501e-01
9.240477426469553279e-01
9.235466472347156897e-01
9.235441641737205387e-01
9.223118793212725652e-01
9.215913118604744936e-01
9.215669113527981127e-01
9.215107114903886565e-01
9.211303759332160057e-01
9.211280055250566923e-01
9.194871560270123645e-01
9.193174568328045249e-01
9.193174568328045249e-01
9.192737960356529570e-01
9.192714387027046685e-01
9.192714387027046685e-01
9.192665355031687247e-01
9.191042045833179852e-01
9.174467410295292780e-01
9.171600765572424097e-01
9.171576403001928668e-01
9.162078147501424574e-01
9.162078147501424574e-01
9.153827435899702936e-01
9.153827435899702936e-01
9.141608476139784223e-01
9.133812561172037769e-01
9.133812561172037769e-01
9.130480401388106904e-01
9.130480401388106904e-01
9.130480401388106904e-01
9.130480401388106904e-01
9.130457260036644040e-01
9.112567488961513806e-01
9.100025193217350372e-01
9.100001342234166346e-01
9.100001342234166346e-01
9.099978408755123871e-01
9.092630278572776392e-01
9.092607395012430871e-01
9.092018883012064068e-01
9.092018883012064068e-01
9.088046587928910736e-01
9.088046587928910736e-01
9.088046587928910736e-01
9.088046587928910736e-01
9.088046587928910736e-01
9.088022821241061866e-01
9.088022821241061866e-01
9.088022821241061866e-01
9.071104027717876717e-01
9.071104027717876717e-01
9.068650052800888428e-01
9.068627330694075672e-01
9.068603699864550283e-01
9.050735110953539442e-01
9.050735110953539442e-01
9.047761923488776281e-01
9.047761923488776281e-01
9.043331375072310996e-01
9.043307919742261669e-01
9.036359646211005181e-01
9.036359646211005181e-01
9.029218013534883180e-01
9.008225474337896443e-01
9.008225474337896443e-01
9.005312396427164190e-01
9.005221402864247437e-01
9.004487298593166766e-01
8.995170876892697454e-01
8.995148640579231358e-01
8.973340686044710690e-01
8.973323010394276267e-01
8.965766213755825831e-01
8.965766213755825831e-01
8.962681207754129575e-01
8.962681207754129575e-01
8.962681207754129575e-01
8.962681207754129575e-01
8.962663587144601429e-01
8.962663587144601429e-01
8.962663587144601429e-01
8.962663587144601429e-01
8.962663587144601429e-01
8.947701257362417060e-01
8.945088246945145372e-01
8.945070716697073321e-01
8.941934247026419591e-01
8.941916732914932942e-01
8.924560533372022375e-01
8.923959402500862836e-01
8.919571725078347946e-01
8.919571725078347946e-01
8.909034637425932157e-01
8.909034637425932157e-01
8.902423134740368171e-01
8.902379850963069163e-01
8.901107551451842292e-01
8.901090244501539406e-01
8.900579728668012169e-01
8.900553772261470264e-01
8.882260056700940209e-01
8.882260056700940209e-01
8.882260056700940209e-01
8.882234238159905093e-01
8.882191207688466816e-01
8.882165389663773114e-01
8.882165389663773114e-01
8.882148177754873863e-01
8.882122360052878696e-01
8.881657674521964418e-01
8.881640465151209307e-01
8.876601820519340880e-01
8.875253127646218765e-01
8.875227361585846797e-01
8.875227361585846797e-01
8.875227361585846797e-01
8.875227361585846797e-01
8.875227361585846797e-01
8.875227361585846797e-01
8.875227361585846797e-01
8.875210184319337614e-01
8.875184418580177592e-01
8.860452240275416003e-01
8.855094351166958866e-01
8.855068735324759244e-01
8.854300348469116289e-01
8.854240592217768047e-01
8.844182151957902249e-01
8.844114059044539955e-01
8.838874931469867802e-01
8.838874931469867802e-01
8.831539902996505820e-01
8.818073492393578849e-01
8.818073492393578849e-01
8.811549595510319577e-01
8.811524300304444113e-01
8.809442295172597026e-01
8.809425441937969170e-01
8.808877756442871076e-01
8.808835630375745351e-01
8.808818780092328993e-01
8.796884108031057803e-01
8.796867315751444316e-01
8.787593615673544578e-01
8.778845752352660847e-01
8.778829047129352858e-01
8.775673201635897369e-01
8.775656511663443293e-01
8.774855487264843212e-01
8.774705315749159462e-01
8.774646917468224006e-01
8.774646917468224006e-01
8.774605205011386522e-01
8.774555150724234753e-01
8.774555150724234753e-01
8.774538466122102642e-01
8.774496754967309187e-01
8.774471728514801061e-01
8.774430018161220035e-01
8.774363282637025474e-01
8.774346598956263010e-01
8.774321573585336376e-01
8.765141090353240072e-01
8.765116131174763847e-01
8.764092959081646317e-01
8.764092959081646317e-01
8.754466600962210743e-01
8.754466600962210743e-01
8.754466600962210743e-01
8.746116005875628208e-01
8.746033262917466411e-01
8.743419597429096246e-01
8.720583960683329083e-01
8.720567532685405965e-01
8.720567532685405965e-01
8.720542890833508087e-01
8.720542890833508087e-01
8.720501821466978276e-01
8.713879550282478403e-01
8.713863153803742545e-01
8.698157925989717931e-01
8.679891393995914362e-01
8.679891393995914362e-01
8.678324785023444621e-01
8.678308554401793495e-01
8.678284208610351769e-01
8.678097563164994810e-01
8.678081333596341373e-01
8.667912077023088857e-01
8.667750255818064131e-01
8.667750255818064131e-01
8.667750255818064131e-01
8.667620804232738507e-01
8.667604623120718221e-01
8.653595562188255430e-01
8.647372028952600154e-01
8.647347897006204542e-01
8.636922334417344027e-01
8.636922334417344027e-01
8.636882234079421572e-01
8.636882234079421572e-01
8.636569467148511592e-01
8.636553428569129220e-01
8.636489274983637499e-01
8.636473236770272344e-01
8.613198853495402929e-01
8.613174954983632281e-01
8.610905335822400808e-01
8.610905335822400808e-01
8.610881452874270536e-01
8.596390519347593129e-01
8.596390519347593129e-01
8.595795948748562454e-01
8.595795948748562454e-01
8.595795948748562454e-01
8.581358878344746977e-01
8.581319405777305676e-01
8.581319405777305676e-01
8.580956278871708642e-01
8.580956278871708642e-01
8.565125575457507301e-01
8.562022891311037442e-01
8.561975782930490997e-01
8.561960080276526108e-01
8.561936526426401350e-01
8.561858014726446697e-01
8.561818759530556155e-01
8.556554663609565736e-01
8.556554663609565736e-01
8.556531145752446221e-01
8.553858968299846710e-01
8.553655307400936936e-01
8.553537816064059607e-01
8.547879356886055602e-01
8.547363267646820306e-01
8.545369993568822098e-01
8.545369993568822098e-01
8.545369993568822098e-01
8.545330920986857759e-01
8.545330920986857759e-01
8.545252777117365861e-01
8.545252777117365861e-01
8.544908964593481704e-01
8.544830830042530190e-01
8.544807390013698933e-01
8.544791763414077979e-01
8.544729257705728775e-01
8.521196322728139538e-01
8.521173038618554685e-01
8.518457608527902902e-01
8.518442097760415832e-01
8.518380055369142445e-01
8.518380055369142445e-01
8.518364544940988381e-01
8.518364544940988381e-01
8.518364544940988381e-01
8.514155971935407630e-01
8.514155971935407630e-01
8.481855449278238313e-01
8.481840097646387022e-01
8.481464003381301575e-01
8.481425628653411763e-01
8.481149342844873651e-01
8.481149342844873651e-01
8.481149342844873651e-01
8.475291002771684346e-01
8.475291002771684346e-01
8.475291002771684346e-01
8.457400112204268572e-01
8.457384865776702565e-01
8.457384865776702565e-01
8.457339126885872194e-01
8.448788663547797118e-01
8.448773453955712442e-01
8.445428921858332272e-01
8.445413726608146376e-01
8.445390933854420856e-01
8.445079447504302284e-01
8.445056656889640134e-01
8.445041463227549450e-01
8.430273516939553735e-01
8.430235690161821394e-01
8.415815135491800936e-01
8.415777461754626598e-01
8.410183560990942553e-01
8.410085764559409593e-01
8.410070719192405120e-01
8.410033106052374752e-01
8.410033106052374752e-01
8.410010538358622112e-01
8.387558788767888185e-01
8.387349483801374017e-01
8.387274734998576564e-01
8.387214937082100308e-01
8.384218847883291303e-01
8.382859855085891265e-01
8.376378151222202417e-01
8.376355795141333660e-01
8.376355795141333660e-01
8.353565805949186851e-01
8.353432524141092275e-01
8.353299247295484786e-01
8.353217802777065382e-01
8.349909760310101348e-01
8.349014820139801785e-01
8.344344053873989919e-01
8.344344053873989919e-01
8.340136714298977960e-01
8.317003625692580560e-01
8.316930331476688476e-01
8.316908343504090251e-01
8.316893684930605213e-01
8.316871697182746104e-01
8.316849709569728022e-01
8.316849709569728022e-01
8.316849709569728022e-01
8.316849709569728022e-01
8.316813063847676712e-01
8.316798405663731186e-01
8.316512583053990992e-01
8.312469535314526148e-01
8.312447574678949458e-01
8.312410973918512580e-01
8.309286646294877787e-01
8.295985701657703215e-01
8.283292927133562022e-01
8.283292927133562022e-01
8.282399941216960215e-01
8.282378163847197161e-01
8.254855754660965772e-01
8.254855754660965772e-01
8.254855754660965772e-01
8.252155385183713721e-01
8.251824279536048579e-01
8.251802686749050153e-01
8.251709119504526679e-01
8.251673132751436990e-01
8.250528941892087964e-01
8.250528941892087964e-01
8.250046907643205918e-01
8.226677595862078585e-01
8.222677250753079869e-01
8.222384543075662577e-01
8.222363126375979991e-01
8.222256044790395846e-01
8.217832792680324072e-01
8.217797143392773229e-01
8.204993405225775582e-01
8.199229176529706509e-01
8.199214990315341067e-01
8.199214990315341067e-01
8.194933310187352271e-01
8.194876633361398710e-01
8.185890485678960493e-01
8.185876351943907059e-01
8.173889746710764070e-01
8.173889746710764070e-01
8.159114956838673383e-01
8.152716389508458672e-01
8.151638232796821759e-01
8.151386242704556917e-01
8.151204260825599679e-01
8.150504416213734116e-01
8.150469427553017621e-01
8.136556920255765268e-01
8.127311682774680524e-01
8.127311682774680524e-01
8.127276918702773800e-01
8.120219811333402316e-01
8.114215495816962109e-01
8.106478737983165983e-01
8.106444174396985058e-01
8.090669458232260247e-01
8.090559340286656020e-01
8.090421697588616734e-01
8.088529643672373037e-01
8.088495251889874504e-01
8.088495251889874504e-01
8.085277634002721037e-01
8.085277634002721037e-01
8.080497768342599363e-01
8.080497768342599363e-01
8.080456590168784148e-01
8.071278750202650620e-01
8.060110498808563673e-01
8.059919422689472146e-01
8.059919422689472146e-01
8.059844359844967610e-01
8.059762474889878847e-01
8.059707885954197071e-01
8.055691047109738712e-01
8.055691047109738712e-01
8.055677415219090198e-01
8.055677415219090198e-01
8.053892083566656090e-01
8.053837583546918921e-01
8.053749022774056021e-01
8.053660464179158707e-01
8.027096078653562783e-01
8.025635774592053684e-01
8.023568024140177446e-01
8.023568024140177446e-01
8.023432918399633351e-01
7.990885578732170869e-01
7.990885578732170869e-01
7.981078381726632864e-01
7.965343921166234686e-01
7.965277452379428968e-01
7.960242693470240827e-01
7.960222780991917935e-01
7.957873882986031822e-01
7.957787653243625359e-01
7.957767754366191770e-01
7.937607232796015655e-01
7.937607232796015655e-01
7.927858679028357836e-01
7.927838945311774799e-01
7.909697031922686694e-01
7.897942398246278195e-01
7.897922828459329470e-01
7.897877166038695940e-01
7.897877166038695940e-01
7.897838027284079798e-01
7.897824981127526955e-01
7.897824981127526955e-01
7.897792365943928639e-01
7.897740182267565245e-01
7.897687999351061805e-01
7.897622771773944450e-01
7.897622771773944450e-01
7.897603203732314059e-01
7.897590158430589646e-01
7.896233706272901554e-01
7.896214145814787200e-01
7.892382356034939317e-01
7.888496104635606132e-01
7.864717356838543116e-01
7.864717356838543116e-01
7.864601024211602676e-01
7.863424984563983644e-01
7.863192407134647066e-01
7.863173026364802531e-01
7.863140725315084234e-01
7.863121344825267922e-01
7.863108424557062603e-01
7.863089044242255188e-01
7.863089044242255188e-01
7.863076124090723207e-01
7.863076124090723207e-01
7.852973945876011719e-01
7.846756540118379197e-01
7.833360937174441707e-01
7.833328904470284737e-01
7.819511214669797594e-01
7.804011767403313815e-01
7.802182266616507489e-01
7.802150512746260924e-01
7.795463109043752059e-01
7.773818575896389582e-01
7.770499826293965073e-01
7.770499826293965073e-01
7.759934504056980042e-01
7.750721047664550500e-01
7.750721047664550500e-01
7.740389117469478331e-01
7.740276775645856810e-01
7.740151955574335885e-01
7.740133232942812969e-01
7.740120751243421138e-01
7.740102028776767451e-01
7.740083306409034636e-01
7.740083306409034636e-01
7.716348244505518705e-01
7.709443036742383848e-01
7.709374980784802212e-01
7.686981715841242346e-01
7.686932534496166980e-01
7.684296189518891040e-01
7.682103810633293950e-01
7.678256629491695406e-01
7.678238232024406917e-01
7.672178434167672423e-01
7.648420106095972226e-01
7.648420106095972226e-01
7.644299825330556075e-01
7.644269457745854757e-01
7.644190503255944291e-01
7.629934997076721626e-01
7.629221323034424129e-01
7.629221323034424129e-01
7.629221323034424129e-01
7.629221323034424129e-01
7.629203180675010465e-01
7.629203180675010465e-01
7.629203180675010465e-01
7.629203180675010465e-01
7.628538025736372186e-01
7.628538025736372186e-01
7.628538025736372186e-01
7.628519886917128900e-01
7.628519886917128900e-01
7.628489655760551935e-01
7.618171915298818098e-01
7.618159858514910177e-01
7.612503786276105799e-01
7.601513015005106899e-01
7.601495015891805984e-01
7.601435019518041347e-01
7.601339027465749965e-01
7.601327028644898620e-01
7.601033070422837934e-01
7.600757132179670750e-01
7.587555637813294673e-01
7.587537710620466669e-01
7.587292714899679380e-01
7.587292714899679380e-01
7.587155285821330919e-01
7.587137360689177878e-01
7.587137360689177878e-01
7.586277062831011664e-01
7.573070732618744083e-01
7.558207423311722462e-01
7.558189646849780008e-01
7.550719752849073263e-01
7.547652410148810720e-01
7.528453275997382121e-01
7.528441526450291299e-01
7.520009796395704660e-01
7.519968773632687009e-01
7.519259742969839344e-01
7.519242165548788437e-01
7.517965112683518969e-01
7.517947541859956173e-01
7.500637031237650243e-01
7.478690772412029952e-01
7.478603917165246306e-01
7.462804022055539166e-01
7.439243206794110552e-01
7.439214587239735277e-01
7.438836831670019301e-01
7.438791045964510129e-01
7.438670861417530089e-01
7.430359818413644346e-01
7.430297019922404989e-01
7.416606162930123869e-01
7.410124723981099670e-01
7.409789911991673250e-01
7.363414355461308514e-01
7.363397564520554051e-01
7.362809934493095287e-01
7.362753975092619640e-01
7.362524551302769282e-01
7.354621813093737970e-01
7.354621813093737970e-01
7.345095147997069418e-01
7.333797595768798416e-01
7.300956781068596024e-01
7.300912835714634674e-01
7.294766229969610327e-01
7.294749781151556034e-01
7.294733332415203053e-01
7.288964869365481825e-01
7.288707631908027951e-01
7.288302660285875811e-01
7.288302660285875811e-01
7.288176800828854995e-01
7.288078305464501527e-01
7.277714412109135278e-01
7.251397067976582678e-01
7.247503252916080996e-01
7.223491264500745412e-01
7.223437611767864475e-01
7.218103575760431712e-01
7.218033942599001440e-01
7.217525130071494877e-01
7.217525130071494877e-01
7.217418021774208992e-01
7.212190068163126799e-01
7.212147294599682290e-01
7.194636151207932651e-01
7.171786319811802590e-01
7.157445033443528004e-01
7.157360923774588324e-01
7.157145402803837264e-01
7.157040275872261770e-01
7.150209156913313047e-01
7.149359566530570920e-01
7.149307130059023851e-01
7.148903397963708439e-01
7.148903397963708439e-01
7.142225611237873473e-01
7.092740252752535168e-01
7.092740252752535168e-01
7.090320102100755584e-01
7.084478195418788538e-01
7.083923365530074845e-01
7.083907954982150423e-01
7.083753853645143872e-01
7.083753853645143872e-01
7.083738443925657879e-01
7.083661396457872073e-01
7.083661396457872073e-01
7.083661396457872073e-01
7.083645987190242410e-01
7.083630577997916955e-01
7.083620305244869853e-01
7.083620305244869853e-01
7.083568941981682743e-01
7.083553533165887206e-01
7.083553533165887206e-01
7.083527851973574485e-01
7.053705011934862101e-01
7.039952793169712564e-01
7.025252519342649604e-01
7.023397819599704883e-01
7.023347435611659861e-01
7.020874587431499281e-01
7.020849415813340544e-01
7.015020142318448837e-01
6.988069208358895779e-01
6.988044302728275703e-01
6.988044302728275703e-01
6.988044302728275703e-01
6.988044302728275703e-01
6.988044302728275703e-01
6.988044302728275703e-01
6.988034340532520705e-01
6.988034340532520705e-01
6.988034340532520705e-01
6.988034340532520705e-01
6.988034340532520705e-01
6.988034340532520705e-01
6.988034340532520705e-01
6.988019397299416458e-01
6.987994492072312491e-01
6.987994492072312491e-01
6.987969587046968245e-01
6.987969587046968245e-01
6.976748030081956209e-01
6.961303103238748458e-01
6.957957104009816485e-01
6.957942306857798354e-01
6.938800901895134654e-01
6.937614990032429096e-01
6.903099881256051784e-01
6.903046600291758983e-01
6.900509584084970616e-01
6.897205966232461405e-01
6.896993266433556480e-01
6.895751207814202477e-01
6.888719378795327142e-01
6.863269626563469616e-01
6.848599321104434923e-01
6.839486774647690615e-01
6.834214472945771002e-01
6.833741233196083398e-01
6.827156914241389041e-01
6.796029463402545323e-01
6.796015449275194520e-01
6.790736932718497432e-01
6.790653001999971128e-01
6.774629542449364106e-01
6.774559987981985110e-01
6.772163700696834931e-01
6.753930194431450040e-01
6.745531356853409211e-01
6.745471683144781405e-01
6.745448732049638130e-01
6.742407046254225156e-01
6.718175953748592999e-01
6.713447007404060862e-01
6.713415235219383215e-01
6.697731651812357523e-01
6.697709083199274716e-01
6.694704558114559223e-01
6.682866603001575978e-01
6.660234740557809952e-01
6.660225833092321412e-01
6.659540043797578246e-01
6.659459897630832792e-01
6.659446540160667283e-01
6.654357559996416649e-01
6.653584352089015885e-01
6.653082326521876366e-01
6.653033461620725397e-01
6.647628096666723385e-01
6.609370912373846441e-01
6.609314070999640078e-01
6.600238988722669786e-01
6.594757929444305944e-01
6.568916917212949125e-01
6.568882454258913040e-01
6.555222483076477147e-01
6.548343605277352486e-01
6.538422417332303560e-01
6.531939157703432475e-01
6.531913664164094024e-01
6.509687316136697488e-01
6.494746474018966431e-01
6.494692008445224207e-01
6.485520199839482913e-01
6.480119123258522018e-01
6.480044128795084957e-01
6.465875526282003349e-01
6.465428039406716509e-01
6.465386609326091438e-01
6.458898520342636340e-01
6.458877857159133207e-01
6.445411606589591669e-01
6.445086842086727996e-01
6.430167169778805425e-01
6.430032303589807707e-01
6.429958743196242388e-01
6.426348699543699139e-01
6.426307890958743441e-01
6.423130894989328432e-01
6.421843273279231878e-01
6.421790315350114353e-01
6.421203777634543197e-01
6.421150832919947371e-01
6.420849476151638813e-01
6.420837259732996571e-01
6.420837259732996571e-01
6.378326508890873603e-01
6.377393613187731791e-01
6.377381603906054908e-01
6.377381603906054908e-01
6.377381603906054908e-01
6.369340252662595292e-01
6.367154511970625208e-01
6.367154511970625208e-01
6.345132645922786363e-01
6.345041754363680564e-01
6.345029899187576428e-01
6.344946914535618543e-01
6.341093154355508243e-01
6.341093154355508243e-01
6.334540494810566580e-01
6.334481469517169172e-01
6.323241198526591278e-01
6.315290496321471769e-01
6.293270508105514027e-01
6.293193117672538639e-01
6.292268491953495468e-01
6.292237548201479180e-01
6.292237548201479180e-01
6.292237548201479180e-01
6.262028048067730390e-01
6.252816509332734807e-01
6.252789871511260644e-01
6.252709959820859087e-01
6.252709959820859087e-01
6.252348487800318821e-01
6.252291418248190347e-01
6.250344257888000854e-01
6.250344257888000854e-01
6.250325250443246050e-01
6.215729167715027259e-01
6.215729167715027259e-01
6.215699194924590998e-01
6.215699194924590998e-01
6.215680462123598371e-01
6.209977618922366549e-01
6.209872971118455265e-01
6.209689848638648701e-01
6.209671163471127686e-01
6.209659952441708430e-01
6.209592687384869469e-01
6.209361011324955326e-01
6.209316173427342767e-01
6.174185170840345016e-01
6.168957018639934509e-01
6.168931311446439469e-01
6.168920294165134433e-01
6.163198399546860884e-01
6.163161766360433225e-01
6.163084838559191869e-01
6.162982272141210860e-01
6.158440951464438928e-01
6.130415416268861772e-01
6.130386525457039992e-01
6.129451383377529927e-01
6.129440553865630470e-01
6.129440553865630470e-01
6.107955798519383306e-01
6.091567150756809212e-01
6.091538752786261890e-01
6.091528103640208025e-01
6.080173099699455186e-01
6.080155441295441721e-01
6.080120124907618662e-01
6.079971802196653119e-01
6.058422404597808564e-01
6.052338724838935979e-01
6.052303849836349059e-01
6.050992951348148630e-01
6.032006937469727159e-01
6.019424883515083202e-01
6.013702440571755403e-01
6.009762513219345514e-01
6.000122895847965765e-01
6.000000333744467396e-01
5.999510155448876114e-01
5.976422805713935693e-01
5.976395870533880439e-01
5.961967709103932478e-01
5.926546713422550239e-01
5.926392206381304595e-01
5.926198267118528706e-01
5.915111712258054322e-01
5.901361706935044360e-01
5.869130290321467047e-01
5.856171801107138419e-01
5.856098774849275435e-01
5.855781300632459940e-01
5.855746381570768877e-01
5.855689242614154910e-01
5.837539427680124016e-01
5.824208093235956341e-01
5.790969702970372168e-01
5.790899082935982989e-01
5.790678028418390078e-01
5.790588999805101889e-01
5.790456999507295199e-01
5.790441651228147579e-01
5.779969258397054110e-01
5.779255041202848719e-01
5.736202555959742933e-01
5.728331644184184723e-01
5.671378032980575190e-01
5.670998327289102914e-01
5.670894785376062730e-01
5.667992336039031631e-01
5.615656873686274420e-01
5.615556593538223451e-01
5.572518479772800015e-01
5.565100386410050115e-01
5.565078769117944857e-01
5.561195020526181754e-01
5.551455125355665432e-01
5.551398856258946690e-01
5.551200590333912332e-01
5.551104145458051198e-01
5.551090750792830875e-01
5.533819291323270884e-01
5.533819291323270884e-01
5.516869849471400800e-01
5.516830522118838509e-01
5.516222384734684736e-01
5.496014238224214976e-01
5.495993543230153211e-01
5.471702909945551641e-01
5.471677450711025514e-01
5.466751559772451419e-01
5.459140427037112442e-01
5.459132852944338365e-01
5.429457121877538928e-01
5.429368050423891701e-01
5.423104736400123915e-01
5.423104736400123915e-01
5.390725279401222814e-01
5.390701199797939269e-01
5.387238057259616797e-01
5.380220362744144724e-01
5.376306471229401751e-01
5.376299321811859322e-01
5.374984458702608547e-01
5.374824950037574434e-01
5.366693135343079124e-01
5.366626873840502077e-01
5.366615041766947813e-01
5.366603209795721696e-01
5.366596110662096297e-01
5.353581890830423351e-01
5.353366275701268995e-01
5.353281913931321467e-01
5.320128813101411280e-01
5.319340533306402552e-01
5.319329112458315301e-01
5.296069437866015583e-01
5.288734666485607194e-01
5.288730205615009838e-01
5.286918163628012701e-01
5.258409530827589107e-01
5.258398646898676532e-01
5.256486753166191850e-01
5.255676350603177838e-01
5.229530239352555565e-01
5.229508986081977673e-01
5.224831908841944816e-01
5.219994032938682915e-01
5.219462866144473079e-01
5.205567772042308805e-01
5.205557360120731669e-01
5.204192127227962317e-01
5.204133890911299964e-01
5.204117252502170610e-01
5.203930086888710616e-01
5.203898895564227356e-01
5.194049432435350333e-01
5.180193122712430931e-01
5.180189049397988521e-01
5.165358920528891895e-01
5.165352891108506705e-01
5.157664060151301300e-01
5.157608177660232274e-01
5.152250708568594240e-01
5.152179214117421635e-01
5.146508374983815859e-01
5.137719229653761044e-01
5.137674160245553345e-01
5.136837779816427751e-01
5.136824074082584346e-01
5.108512562966568415e-01
5.108506844260907176e-01
5.088940787698237322e-01
5.086956388531288509e-01
5.082075443741655985e-01
5.082069870452721183e-01
5.064875578373122522e-01
5.064857316964456180e-01
5.064857316964456180e-01
5.064656463634136241e-01
5.064619949212392225e-01
5.055804748187714415e-01
5.055804748187714415e-01
5.047283106337798753e-01
5.032331261817919454e-01
5.030249351624794807e-01
5.030249351624794807e-01
5.005478824966267393e-01
5.005444489677137732e-01
4.981315675074887150e-01
4.978643835628390191e-01
4.959261005758195395e-01
4.959228368276417664e-01
4.957891259795721428e-01
4.957858672458032023e-01
4.939923334902883156e-01
4.939923334902883156e-01
4.939859474165874120e-01
4.939843509709031522e-01
4.939843509709031522e-01
4.935527843916313051e-01
4.935527843916313051e-01
4.931249224006933884e-01
4.912531228016355778e-01
4.912515759582484209e-01
4.891387399454906193e-01
4.891387399454906193e-01
4.891387399454906193e-01
4.891372311343081258e-01
4.885493492117801706e-01
4.880384941300479618e-01
4.870054645804928195e-01
4.870054645804928195e-01
4.835742046533276772e-01
4.835657402731848298e-01
4.835657402731848298e-01
4.835643296284770076e-01
4.835629190081360274e-01
4.811023052591903992e-01
4.807799720025024981e-01
4.747262219192089905e-01
4.747262219192089905e-01
4.747173704221204771e-01
4.747135772200033466e-01
4.741905577423469187e-01
4.740951409496396707e-01
4.691123916740194133e-01
4.690994056227090203e-01
4.690946839257883472e-01
4.685276734668756271e-01
4.685182950063153662e-01
4.660817574202503755e-01
4.660202843068704803e-01
4.639538054770250275e-01
4.639060481339919439e-01
4.637895416037153273e-01
4.615086730507602653e-01
4.595625110022767412e-01
4.592216579619001759e-01
4.592111256507325212e-01
4.586473247058941993e-01
4.576521473797303674e-01
4.558101458496719438e-01
4.548419207874963011e-01
4.548067742682986303e-01
4.542502215265362686e-01
4.526748314984083699e-01
4.521796650115268434e-01
4.512397333941753352e-01
4.508271930897516100e-01
4.508089224903542025e-01
4.499600350461436804e-01
4.487038782007544135e-01
4.471040495578333385e-01
4.470939071512844976e-01
4.460866923459572142e-01
4.436975137591918639e-01
4.436851396798502378e-01
4.436833721191062452e-01
4.407467224382344284e-01
4.405173301421019261e-01
4.405164851579392860e-01
4.405114154821028194e-01
4.376515135909739840e-01
4.376378151529527472e-01
4.357723177906835943e-01
4.349914680716651105e-01
4.349899372721219848e-01
4.349616263346369749e-01
4.325767348953313274e-01
4.325767348953313274e-01
4.325636877491554344e-01
4.315897784329507658e-01
4.303813840480046338e-01
4.303806985512874661e-01
4.303800130671628921e-01
4.303724735749199226e-01
4.303690470374412769e-01
4.284062777500352581e-01
4.284056288922908351e-01
4.284056288922908351e-01
4.283881142788388274e-01
4.283861687518193406e-01
4.283790360781090101e-01
4.283770910559034917e-01
4.283770910559034917e-01
4.283770910559034917e-01
4.283757944345261137e-01
4.277614638713487238e-01
4.266137047551339379e-01
4.266130884484624630e-01
4.265835184345583286e-01
4.265829026571203997e-01
4.265822868903725862e-01
4.265822868903725862e-01
4.265736672887143754e-01
4.265724360894154188e-01
4.249746346170724109e-01
4.249740453126022999e-01
4.245578341454425697e-01
4.234550101978378223e-01
4.234550101978378223e-01
4.234544409868696846e-01
4.234510258534349703e-01
4.234459035754092326e-01
4.234459035754092326e-01
4.220828781446108735e-01
4.220823204296770825e-01
4.220806473023621663e-01
4.215525363602132813e-01
4.208333099700318769e-01
4.208333099700318769e-01
4.208333099700318769e-01
4.208333099700318769e-01
4.208299806755242400e-01
4.208299806755242400e-01
4.195869945807260137e-01
4.195853115388175070e-01
4.195841894860805610e-01
4.188430403047576078e-01
4.187649593716287200e-01
4.186878691864777124e-01
4.183317647909206016e-01
4.183288783060419291e-01
4.183271462965834075e-01
4.183271462965834075e-01
4.183271462965834075e-01
4.171662787570369346e-01
4.171644738705495570e-01
4.171644738705495570e-01
4.160245948036802588e-01
4.160226941819189506e-01
4.160207933823656390e-01
4.158898423659636023e-01
4.158125238260836909e-01
4.148124786038351886e-01
4.137909840732802991e-01
4.137895541733698224e-01
4.127804902627758565e-01
4.126824344186417193e-01
4.088799771472508837e-01
4.045832413812604500e-01
3.993223294864378659e-01
3.936981759155457894e-01
3.874206249498968191e-01
3.812376799191952159e-01
3.812359158089577704e-01
3.754501732655910473e-01
3.754421313015825490e-01
3.709878041354386369e-01
3.709865722648544306e-01
3.681330978034793588e-01
3.680091710551209871e-01
3.680111844614657457e-01
3.710873435386474739e-01
3.783124909842285888e-01
3.783502545049941546e-01
3.910600446574221678e-01
4.075667011995278699e-01
4.075846109005851758e-01
4.315214799856903483e-01
4.315587379736598450e-01
4.609924499316093716e-01
4.954244199880122324e-01
4.954244199880122324e-01
4.954244199880122324e-01
5.375947362061879176e-01
5.376961372293180830e-01
