9.883801228381490223e-01
9.883681339691570145e-01
9.878140275821314376e-01
9.878050613248270384e-01
9.878050613248270384e-01
9.878050613248270384e-01
9.872190006167449461e-01
9.866249295255776763e-01
9.866249295255776763e-01
9.860318096921533160e-01
9.860287966443357366e-01
9.860287966443357366e-01
9.860287966443357366e-01
9.854127945798210053e-01
9.853978703663848204e-01
9.847800248464463335e-01
9.847800248464463335e-01
9.847770219298936922e-01
9.847651259985060745e-01
9.841275750664765232e-01
9.841127022817551806e-01
9.841127022817551806e-01
9.841098200277389463e-01
9.834732722379484482e-01
9.834732722379484482e-01
9.828231004336166476e-01
9.828231004336166476e-01
9.828231004336166476e-01
9.828201132179266164e-01
9.828201132179266164e-01
9.828054072728720225e-01
9.821357500345482272e-01
9.821327682941970449e-01
9.821327682941970449e-01
9.821327682941970449e-01
9.814643100425686217e-01
9.814643100425686217e-01
9.814466808726671765e-01
9.814466808726671765e-01
9.814466808726671765e-01
9.807442477308343509e-01
9.807384205752687212e-01
9.807384205752687212e-01
9.807384205752687212e-01
9.807384205752687212e-01
9.800606864164170817e-01
9.800606864164170817e-01
9.800606864164170817e-01
9.800606864164170817e-01
9.800606864164170817e-01
9.800606864164170817e-01
9.793315740333634611e-01
9.793315740333634611e-01
9.786037520189305727e-01
9.778861711777937504e-01
9.778861711777937504e-01
9.771234289923513838e-01
9.771234289923513838e-01
9.763853681890194425e-01
9.763707977540961869e-01
9.756053345811053212e-01
9.748643527619261784e-01
9.748643527619261784e-01
9.740528353257298377e-01
9.740499164718464664e-01
9.732803387893813607e-01
9.732774258040285398e-01
9.732774258040285398e-01
9.724778619714099515e-01
9.724778619714099515e-01
9.716741530997207166e-01
9.716741530997207166e-01
9.716712522391800499e-01
9.716569713974915201e-01
9.716569713974915201e-01
9.716569713974915201e-01
9.708234617378759257e-01
9.708234617378759257e-01
9.700317378989492534e-01
9.700317378989492534e-01
9.700317378989492534e-01
9.700317378989492534e-01
9.700317378989492534e-01
9.700317378989492534e-01
9.691846430686974490e-01
9.691846430686974490e-01
9.691846430686974490e-01
9.683451431172558355e-01
9.683451431172558355e-01
9.683451431172558355e-01
9.674988393920205265e-01
9.674988393920205265e-01
9.674988393920205265e-01
9.674988393920205265e-01
9.674988393920205265e-01
9.672833303676260375e-01
9.667477764121378270e-01
9.667450222674290883e-01
9.667365396235794162e-01
9.667365396235794162e-01
9.667138467015652381e-01
9.667109826399269412e-01
9.667109826399269412e-01
9.667053647337775502e-01
9.666997469083106198e-01
9.666968829499069660e-01
9.666968829499069660e-01
9.666430224066565602e-01
9.666430224066565602e-01
9.666430224066565602e-01
9.657835786346778972e-01
9.657835786346778972e-01
9.657835786346778972e-01
9.657242396736148704e-01
9.657213828390643906e-01
9.649146103693115872e-01
9.649146103693115872e-01
9.649146103693115872e-01
9.640700982848492417e-01
9.640672534471010913e-01
9.640391344251736383e-01
9.640391344251736383e-01
9.631573030097626553e-01
9.631573030097626553e-01
9.624173164271541125e-01
9.624173164271541125e-01
9.623333170649287505e-01
9.623276523800240456e-01
9.623276523800240456e-01
9.623276523800240456e-01
9.623220967101171475e-01
9.623220967101171475e-01
9.622689405171100940e-01
9.622689405171100940e-01
9.622689405171100940e-01
9.613573551773747505e-01
9.613573551773747505e-01
9.607407025955370106e-01
9.607407025955370106e-01
9.607407025955370106e-01
9.604731219853553936e-01
9.604703028807578535e-01
9.595656432736294761e-01
9.595656432736294761e-01
9.590377464690613696e-01
9.590350455371252636e-01
9.586686444122942685e-01
9.586686444122942685e-01
9.577570693637522670e-01
9.577570693637522670e-01
9.577570693637522670e-01
9.577542693753071656e-01
9.573089971417899635e-01
9.573062002814196614e-01
9.573062002814196614e-01
9.573062002814196614e-01
9.568088843219876294e-01
9.568088843219876294e-01
9.568088843219876294e-01
9.557224369287689036e-01
9.557196510870463735e-01
9.557196510870463735e-01
9.557196510870463735e-01
9.555490014501389906e-01
9.555490014501389906e-01
9.549439010277076534e-01
9.549439010277076534e-01
9.537336416096009462e-01
9.537336416096009462e-01
9.537336416096009462e-01
9.537336416096009462e-01
9.531038905510981207e-01
9.531038905510981207e-01
9.531012291572008577e-01
9.530984613260767846e-01
9.530601394520842318e-01
9.530573719013941680e-01
9.530465147695241779e-01
9.530465147695241779e-01
9.530437473118082981e-01
9.530437473118082981e-01
9.530327841072109285e-01
9.521092135927542444e-01
9.521092135927542444e-01
9.521092135927542444e-01
9.519673609841547979e-01
9.519673609841547979e-01
9.519646008703128715e-01
9.519646008703128715e-01
9.511551034976472030e-01
9.511551034976472030e-01
9.511524548314554961e-01
9.503771356390146030e-01
9.503771356390146030e-01
9.503744920191332657e-01
9.503744920191332657e-01
9.501950830939993597e-01
9.501950830939993597e-01
9.501950830939993597e-01
9.501381158358267465e-01
9.501381158358267465e-01
9.501381158358267465e-01
9.501381158358267465e-01
9.492129549502839048e-01
9.492129549502839048e-01
9.492129549502839048e-01
9.482655770376668958e-01
9.482655770376668958e-01
9.482655770376668958e-01
9.482493763727852798e-01
9.482493763727852798e-01
9.482466412586733062e-01
9.481979382390985922e-01
9.481898391610842358e-01
9.481872096246531934e-01
9.477062876241080236e-01
9.477062876241080236e-01
9.472934065832523398e-01
9.472934065832523398e-01
9.472934065832523398e-01
9.464177733278275051e-01
9.464150503605931464e-01
9.464150503605931464e-01
9.464150503605931464e-01
9.462993408656775740e-01
9.462993408656775740e-01
9.453398360036816550e-01
9.453398360036816550e-01
9.453398360036816550e-01
9.449399595241655403e-01
9.445218076464544366e-01
9.445218076464544366e-01
9.443584790447605570e-01
9.443557696042685912e-01
9.443557696042685912e-01
9.433900441385341118e-01
9.433900441385341118e-01
9.433900441385341118e-01
9.432911835392167044e-01
9.432858825309803352e-01
9.432858825309803352e-01
9.432858825309803352e-01
9.432858825309803352e-01
9.425705546684391978e-01
9.425705546684391978e-01
9.423813355712230555e-01
9.423813355712230555e-01
9.421761341640776388e-01
9.421734389109296393e-01
9.421707436752102538e-01
9.413908940279631654e-01
9.413908940279631654e-01
9.406762244737526535e-01
9.403949510508345933e-01
9.403949510508345933e-01
9.403949510508345933e-01
9.393960171857971275e-01
9.393960171857971275e-01
9.392478593416671018e-01
9.392478593416671018e-01
9.387243205029871529e-01
9.382647942681806574e-01
9.382647942681806574e-01
9.382516488479702987e-01
9.382489787346730559e-01
9.382463086383203699e-01
9.367524788389921531e-01
9.367524788389921531e-01
9.363318975571076619e-01
9.363293418010175673e-01
9.347637275014062386e-01
9.347637275014062386e-01
9.333082036530840897e-01
9.333082036530840897e-01
9.331934176650125146e-01
9.331777904899583032e-01
9.331751521923187243e-01
9.331725139110266243e-01
9.327554651145214537e-01
9.327554651145214537e-01
9.307334152156299112e-01
9.307048631538989980e-01
9.303705522163840946e-01
9.303679312006313262e-01
9.286536928415334291e-01
9.286510822857824143e-01
9.286510822857824143e-01
9.282255726327379719e-01
9.280966981144980199e-01
9.280812558181652516e-01
9.280812558181652516e-01
9.280786487318536393e-01
9.280760416613222930e-01
9.273319669150853484e-01
9.273319669150853484e-01
9.266405386208687034e-01
9.266405386208687034e-01
9.266353418483670445e-01
9.266096587174185162e-01
9.245675897216821815e-01
9.245395425451489180e-01
9.244832547444428172e-01
9.242508216606853955e-01
9.242482375609669676e-01
9.242482375609669676e-01
9.242456534766235743e-01
9.240618253870606091e-01
9.240592424113541759e-01
9.229475049185188462e-01
9.229475049185188462e-01
9.229347223211022966e-01
9.229322451169384989e-01
9.224130368227735355e-01
9.224104636130578960e-01
9.211329589649551730e-01
9.203855037348477319e-01
9.203601869565358751e-01
9.203018752768287181e-01
9.199071950863710878e-01
9.199047349879236890e-01
9.182009402552765431e-01
9.180246330323102999e-01
9.180246330323102999e-01
9.179792691177758313e-01
9.179768197954255582e-01
9.179768197954255582e-01
9.179717252486083723e-01
9.178030506768186658e-01
9.160798486657464323e-01
9.157816354186257835e-01
9.157791007860437427e-01
9.147906300512422817e-01
9.147906300512422817e-01
9.139315169757294965e-01
9.139315169757294965e-01
9.126583972372329656e-01
9.118456181973725316e-01
9.118456181973725316e-01
9.114980966471573076e-01
9.114980966471573076e-01
9.114980966471573076e-01
9.114980966471573076e-01
9.114956829095811619e-01
9.096286635261560116e-01
9.083184745640969782e-01
9.083159820715078769e-01
9.083159820715078769e-01
9.083135854570875134e-01
9.075455075418952244e-01
9.075431150401650493e-01
9.074815842765731055e-01
9.074815842765731055e-01
9.070662091065613275e-01
9.070662091065613275e-01
9.070662091065613275e-01
9.070662091065613275e-01
9.070662091065613275e-01
9.070637235590880421e-01
9.070637235590880421e-01
9.070637235590880421e-01
9.052933965624007095e-01
9.052933965624007095e-01
9.050364646066092478e-01
9.050340854098525289e-01
9.050316110585420182e-01
9.031595643593918199e-01
9.031595643593918199e-01
9.028478670516026927e-01
9.028478670516026927e-01
9.023832776367978203e-01
9.023808177553431786e-01
9.016519567131557888e-01
9.016519567131557888e-01
9.009024806380042660e-01
8.986974752176105641e-01
8.986974752176105641e-01
8.983912623348359050e-01
8.983816964953919015e-01
8.983045206411728323e-01
8.973247820558049037e-01
8.973224429412027803e-01
8.950268121277701328e-01
8.950249502088892806e-01
8.942287421232690825e-01
8.942287421232690825e-01
8.939035872662154381e-01
8.939035872662154381e-01
8.939035872662154381e-01
8.939035872662154381e-01
8.939017298999987204e-01
8.939017298999987204e-01
8.939017298999987204e-01
8.939017298999987204e-01
8.939017298999987204e-01
8.923238264089989880e-01
8.920481101943316116e-01
8.920462603076146912e-01
8.917152502330067954e-01
8.917134016827026333e-01
8.898805183065370272e-01
8.898170007054447828e-01
8.893533106907365315e-01
8.893533106907365315e-01
8.882392291245598814e-01
8.882392291245598814e-01
8.875398219804713218e-01
8.875352421900799538e-01
8.874006165727761353e-01
8.873987852013274225e-01
8.873447629984626550e-01
8.873420162749877660e-01
8.854050530064360158e-01
8.854050530064360158e-01
8.854050530064360158e-01
8.854023177374336084e-01
8.853977589915356106e-01
8.853950237654595323e-01
8.853950237654595323e-01
8.853932002903519560e-01
8.853904650911047503e-01
8.853412342569439986e-01
8.853394109928540701e-01
8.848055023525551732e-01
8.846625626203047377e-01
8.846598317154472646e-01
8.846598317154472646e-01
8.846598317154472646e-01
8.846598317154472646e-01
8.846598317154472646e-01
8.846598317154472646e-01
8.846598317154472646e-01
8.846580111211150843e-01
8.846552802429756834e-01
8.830931156247647795e-01
8.825246218614257732e-01
8.825219034606280877e-01
8.824403588016244138e-01
8.824340170366222758e-01
8.813662062862508417e-01
8.813589752182607873e-01
8.808025187522194877e-01
8.808025187522194877e-01
8.800231486056634411e-01
8.785913753456654485e-01
8.785913753456654485e-01
8.778973128723681629e-01
8.778946212275500205e-01
8.776730620985465636e-01
8.776712685244464351e-01
8.776129810979277357e-01
8.776084977496084738e-01
8.776067044222742863e-01
8.763360621276917728e-01
8.763342736530074228e-01
8.753462879416882281e-01
8.744138052558103613e-01
8.744120240741235506e-01
8.740755016241901210e-01
8.740737217213653265e-01
8.739882942929161347e-01
8.739722783744141577e-01
8.739660501086908839e-01
8.739660501086908839e-01
8.739616013978671605e-01
8.739562630003249177e-01
8.739562630003249177e-01
8.739544835479186036e-01
8.739500349463051876e-01
8.739473658054982552e-01
8.739429172710876381e-01
8.739357997033919689e-01
8.739340203282675024e-01
8.739313512781808901e-01
8.729519412763897535e-01
8.729492777808027792e-01
8.728400874094723871e-01
8.728400874094723871e-01
8.718124511358049666e-01
8.718124511358049666e-01
8.718124511358049666e-01
8.709205149446757055e-01
8.709116748005205633e-01
8.706324113683475696e-01
8.681905887441383474e-01
8.681888308711525060e-01
8.681888308711525060e-01
8.681861940738999639e-01
8.681861940738999639e-01
8.681817994444153141e-01
8.674730396956262801e-01
8.674712844814471691e-01
8.657892670554917514e-01
8.638309287798685565e-01
8.638309287798685565e-01
8.636628737983583770e-01
8.636611326066776506e-01
8.636585208311038375e-01
8.636384976946475112e-01
8.636367565921678757e-01
8.625454688176343865e-01
8.625280980104570450e-01
8.625280980104570450e-01
8.625280980104570450e-01
8.625142018208864503e-01
8.625124648256993209e-01
8.610080020632435716e-01
8.603392399076684738e-01
8.603366462786701252e-01
8.592157898729192445e-01
8.592157898729192445e-01
8.592114773289117879e-01
8.592114773289117879e-01
8.591778408223661456e-01
8.591761159371836820e-01
8.591692164587638736e-01
8.591674916047357113e-01
8.566626859747674683e-01
8.566601122297898829e-01
8.564156695787588092e-01
8.564156695787588092e-01
8.564130971623930000e-01
8.548516222347855020e-01
8.548516222347855020e-01
8.547875257292393281e-01
8.547875257292393281e-01
8.547875257292393281e-01
8.532304813229285578e-01
8.532262223888386066e-01
8.532262223888386066e-01
8.531870419702957120e-01
8.531870419702957120e-01
8.514781461827083398e-01
8.511430328241297305e-01
8.511379442981834575e-01
8.511362481348550002e-01
8.511337039011005468e-01
8.511252232193113887e-01
8.511209829346033651e-01
8.505522762296694461e-01
8.505522762296694461e-01
8.505497350887744057e-01
8.502609796738463954e-01
8.502389702541974792e-01
8.502262729709010314e-01
8.496146615749073927e-01
8.495588685972152998e-01
8.493433656748110572e-01
8.493433656748110572e-01
8.493433656748110572e-01
8.493391410933798236e-01
8.493391410933798236e-01
8.493306920419475547e-01
8.493306920419475547e-01
8.492935179805499724e-01
8.492850697313132358e-01
8.492825352855071230e-01
8.492808456623960334e-01
8.492740872293660370e-01
8.467278623757827916e-01
8.467253413735101875e-01
8.464313150698128396e-01
8.464296354356760643e-01
8.464229169577577316e-01
8.464229169577577316e-01
8.464212373529346189e-01
8.464212373529346189e-01
8.464212373529346189e-01
8.459654413621444657e-01
8.459654413621444657e-01
8.424636092309718549e-01
8.424619433773334887e-01
8.424211317614915817e-01
8.424169675051752515e-01
8.423869859216407407e-01
8.423869859216407407e-01
8.423869859216407407e-01
8.417511493901037589e-01
8.417511493901037589e-01
8.417511493901037589e-01
8.398080636075158090e-01
8.398064069016896172e-01
8.398064069016896172e-01
8.398014368183424061e-01
8.388721031716072085e-01
8.388704496759682439e-01
8.385068182734279896e-01
8.385051660287026198e-01
8.385026876722191380e-01
8.384688180755448528e-01
8.384663399056805355e-01
8.384646877995055592e-01
8.368582149469808718e-01
8.368540984260305349e-01
8.352841484139819084e-01
8.352800452858404334e-01
8.346707074349648536e-01
8.346600529100561827e-01
8.346584137732298014e-01
8.346543159554900004e-01
8.346543159554900004e-01
8.346518572815262438e-01
8.322043149635568460e-01
8.321814838475221077e-01
8.321733301387996828e-01
8.321668072708314767e-01
8.318399612257039166e-01
8.316916900039498239e-01
8.309843618115134722e-01
8.309819217333139774e-01
8.309819217333139774e-01
8.284929571106400825e-01
8.284783920464952045e-01
8.284638274208850905e-01
8.284549270322170145e-01
8.280933860672410329e-01
8.279955657266049318e-01
8.274849575592467810e-01
8.274849575592467810e-01
8.270249024500737622e-01
8.244935611869846914e-01
8.244855360420116908e-01
8.244831285244728081e-01
8.244815235194341563e-01
8.244791160218585269e-01
8.244767085362606496e-01
8.244767085362606496e-01
8.244767085362606496e-01
8.244767085362606496e-01
8.244726960868803411e-01
8.244710911164441214e-01
8.244397952568858212e-01
8.239970554007112202e-01
8.239946503122345112e-01
8.239906418580039693e-01
8.236484423072946148e-01
8.221909971306505804e-01
8.207992484835492375e-01
8.207992484835492375e-01
8.207012989938056169e-01
8.206989102295174643e-01
8.176778222901215365e-01
8.176778222901215365e-01
8.176778222901215365e-01
8.173811768547839529e-01
8.173448008681183374e-01
8.173424286161539154e-01
8.173321489920432059e-01
8.173281953486155604e-01
8.172024863333567923e-01
8.172024863333567923e-01
8.171495243896423899e-01
8.145803355323327777e-01
8.141402375797611723e-01
8.141080318493051360e-01
8.141056754166360321e-01
8.140938934254967618e-01
8.136071553899808517e-01
8.136032320736836798e-01
8.121936847801846104e-01
8.115588122191150777e-01
8.115572495223249971e-01
8.115572495223249971e-01
8.110855460435539843e-01
8.110793014026569381e-01
8.100889861460255359e-01
8.100874281934280496e-01
8.087657584172659453e-01
8.087657584172659453e-01
8.071355780377054145e-01
8.064292221700988250e-01
8.063101795648920378e-01
8.062823556545823944e-01
8.062622616052022018e-01
8.061849845912056889e-01
8.061811210651012027e-01
8.046443466564174862e-01
8.036225416991656934e-01
8.036225416991656934e-01
8.036186986271689481e-01
8.028384207508111325e-01
8.021743362034288172e-01
8.013183576082297810e-01
8.013145328499032827e-01
7.995682619030975991e-01
7.995560671375319117e-01
7.995408241145364192e-01
7.993312814298183522e-01
7.993274724061437686e-01
7.993274724061437686e-01
7.989710810379057060e-01
7.989710810379057060e-01
7.984415502176425150e-01
7.984415502176425150e-01
7.984369878264773179e-01
7.974198937357313000e-01
7.961816236240580880e-01
7.961604325342089838e-01
7.961604325342089838e-01
7.961521077184919859e-01
7.961430262655837531e-01
7.961369720588522547e-01
7.956914402063458569e-01
7.956914402063458569e-01
7.956899280672871111e-01
7.956899280672871111e-01
7.954918789290336134e-01
7.954858329095847447e-01
7.954760082900289575e-01
7.954661838710981314e-01
7.925173677863271982e-01
7.923551584487833477e-01
7.921254556000828506e-01
7.921254556000828506e-01
7.921104461652899165e-01
7.884918911822396126e-01
7.884918911822396126e-01
7.874004790162497658e-01
7.856484157368140986e-01
7.856410116356342677e-01
7.850801138450362870e-01
7.850778952382791998e-01
7.848161718281060351e-01
7.848065632407345005e-01
7.848043459018179124e-01
7.825568235671113149e-01
7.825568235671113149e-01
7.814693067673741389e-01
7.814671048540703380e-01
7.794419812437323181e-01
7.781289709031921076e-01
7.781267843541234130e-01
7.781216824453134340e-01
7.781216824453134340e-01
7.781173094240947385e-01
7.781158517592731139e-01
7.781158517592731139e-01
7.781122076167270585e-01
7.781063770466184470e-01
7.781005465478507688e-01
7.780932585247117839e-01
7.780932585247117839e-01
7.780910721395056795e-01
7.780896145549416332e-01
7.779380500995486392e-01
7.779358644264042777e-01
7.775076659599571283e-01
7.770733068946784616e-01
7.744139695531587764e-01
7.744139695531587764e-01
7.744009524165338387e-01
7.742693547242044394e-01
7.742433287275031217e-01
7.742411599587779580e-01
7.742375453662292406e-01
7.742353766238956325e-01
7.742339308011715326e-01
7.742317620753326191e-01
7.742317620753326191e-01
7.742303162636053893e-01
7.742303162636053893e-01
7.730995939719237375e-01
7.724034387939255897e-01
7.709029042543396049e-01
7.708993149932987787e-01
7.693505757319918370e-01
7.676122282741565384e-01
7.674069624821894253e-01
7.674033996268200264e-01
7.666529485613202688e-01
7.642225390993773182e-01
7.638496842028836831e-01
7.638496842028836831e-01
7.626623362101145887e-01
7.616264724623648119e-01
7.616264724623648119e-01
7.604643717827874738e-01
7.604517331230551402e-01
7.604376905663434716e-01
7.604355842190192449e-01
7.604341799927133438e-01
7.604320736611206444e-01
7.604299673389661729e-01
7.604299673389661729e-01
7.577583443491932025e-01
7.569805839694175864e-01
7.569729174223492896e-01
7.544490946433415335e-01
7.544435490349511442e-01
7.541462621002936739e-01
7.538990135489394007e-01
7.534650867269128138e-01
7.534630114906341047e-01
7.527793774394260229e-01
7.500973942733075717e-01
7.500973942733075717e-01
7.496319974418332865e-01
7.496285670398699086e-01
7.496196481131118805e-01
7.480088166536791316e-01
7.479281479974579927e-01
7.479281479974579927e-01
7.479281479974579927e-01
7.479281479974579927e-01
7.479260972819944397e-01
7.479260972819944397e-01
7.479260972819944397e-01
7.479260972819944397e-01
7.478509106324287004e-01
7.478509106324287004e-01
7.478509106324287004e-01
7.478488602579010935e-01
7.478488602579010935e-01
7.478454429871330689e-01
7.466788907208909976e-01
7.466775272500323357e-01
7.460378199219438455e-01
7.447943158464285229e-01
7.447922789399805676e-01
7.447854893165277712e-01
7.447746261260621559e-01
7.447732682451723152e-01
7.447400014071277052e-01
7.447087734890737165e-01
7.432143359589391540e-01
7.432123059960233924e-01
7.431845640627794403e-01
7.431845640627794403e-01
7.431690022437054122e-01
7.431669724798359855e-01
7.431669724798359855e-01
7.430695542933535291e-01
7.415736553876173254e-01
7.398890709608176852e-01
7.398870555716252628e-01
7.390400297597743418e-01
7.386921404701836114e-01
7.365136057177584794e-01
7.365122719504128002e-01
7.355549608687087515e-01
7.355503024447234139e-01
7.354697857380304571e-01
7.354677896356722755e-01
7.353227627887889417e-01
7.353207673265023114e-01
7.333541478738487829e-01
7.308587971864848321e-01
7.308489168948908432e-01
7.290509810200825891e-01
7.263676559194770510e-01
7.263643948224303148e-01
7.263213505382338786e-01
7.263161333267580400e-01
7.263024384321018490e-01
7.253552342724004509e-01
7.253480758919575999e-01
7.237870013440353967e-01
7.230476488331282203e-01
7.230094504996590343e-01
7.177132085435823372e-01
7.177112890475542128e-01
7.176441118571620370e-01
7.176377145538180846e-01
7.176114865633427264e-01
7.167078777136125511e-01
7.167078777136125511e-01
7.156181761963152921e-01
7.143253291728784982e-01
7.105635410544050012e-01
7.105585036630872597e-01
7.098538315319069536e-01
7.098519455165619441e-01
7.098500595092213095e-01
7.091885650652642870e-01
7.091590626295882771e-01
7.091126159590884770e-01
7.091126159590884770e-01
7.090981808215738313e-01
7.090868840848280064e-01
7.078979430529145356e-01
7.048763779309854538e-01
7.044290183143581130e-01
7.016685639604082203e-01
7.016623926312706150e-01
7.010487783307178811e-01
7.010407669291761623e-01
7.009822265077562120e-01
7.009822265077562120e-01
7.009699032028521293e-01
7.003683305699132111e-01
7.003634080957333863e-01
6.983473868735420309e-01
6.957143167239505654e-01
6.940603084788466992e-01
6.940506047250645238e-01
6.940257398442140069e-01
6.940136111499023430e-01
6.932253656422402432e-01
6.931273136579454430e-01
6.931212617915820662e-01
6.930746652448463996e-01
6.930746652448463996e-01
6.923038251587972924e-01
6.865840548382433628e-01
6.865840548382433628e-01
6.863039790462436285e-01
6.856277822364658103e-01
6.855635512629486561e-01
6.855617672063022416e-01
6.855439270472876157e-01
6.855439270472876157e-01
6.855421430721300169e-01
6.855332233074578063e-01
6.855332233074578063e-01
6.855332233074578063e-01
6.855314393767457659e-01
6.855296554534419107e-01
6.855284661753547892e-01
6.855284661753547892e-01
6.855225198343005699e-01
6.855207359480334217e-01
6.855207359480334217e-01
6.855177628207158591e-01
6.820626844204694672e-01
6.804677670345989915e-01
6.787617168608119922e-01
6.785463811924767885e-01
6.785405312013088608e-01
6.782533955996632447e-01
6.782504726092805081e-01
6.775734654539808943e-01
6.744408648814838037e-01
6.744379680694178036e-01
6.744379680694178036e-01
6.744379680694178036e-01
6.744379680694178036e-01
6.744379680694178036e-01
6.744379680694178036e-01
6.744368093501520445e-01
6.744368093501520445e-01
6.744368093501520445e-01
6.744368093501520445e-01
6.744368093501520445e-01
6.744368093501520445e-01
6.744368093501520445e-01
6.744350712772109180e-01
6.744321745048621475e-01
6.744321745048621475e-01
6.744292777523714921e-01
6.744292777523714921e-01
6.731237084810274274e-01
6.713255653731476924e-01
6.709358291216623860e-01
6.709341054276419802e-01
6.687032673555681761e-01
6.685649831359445905e-01
6.645366026783922075e-01
6.645303784702329963e-01
6.642339876368833496e-01
6.638479782124215856e-01
6.638231231240664387e-01
6.636779764990070607e-01
6.628560597773732743e-01
6.598787970970422245e-01
6.581607344394713177e-01
6.570928637339291667e-01
6.564747776815478275e-01
6.564192898292814382e-01
6.556471226992431900e-01
6.519928999422206495e-01
6.519912533247741449e-01
6.513709518841479529e-01
6.513610873402713164e-01
6.494769655201456660e-01
6.494687832315453324e-01
6.491868677266194876e-01
6.470404957199891172e-01
6.460510663801665165e-01
6.460440347781634118e-01
6.460413303484492387e-01
6.456828832995689105e-01
6.428251140785210538e-01
6.422669193874305238e-01
6.422631685423529913e-01
6.404107943254162549e-01
6.404081275268574958e-01
6.400530687521676088e-01
6.386535029651225770e-01
6.359750319325845336e-01
6.359739770149077653e-01
6.358927567677528092e-01
6.358832645763182745e-01
6.358816825664724837e-01
6.352788686335677504e-01
6.351872620848909579e-01
6.351277818056677571e-01
6.351219921664299495e-01
6.344814436601632357e-01
6.299417527610623457e-01
6.299349997552854408e-01
6.288565293553703972e-01
6.282048676275270305e-01
6.251294669077642752e-01
6.251253619747580981e-01
6.234975794634357582e-01
6.226773128927487466e-01
6.214936156017696334e-01
6.207196787021440620e-01
6.207166347632466774e-01
6.180608291543904231e-01
6.162733281175464262e-01
6.162668086173261894e-01
6.151686022196102277e-01
6.145215697586015047e-01
6.145125839603221563e-01
6.128140740927274788e-01
6.127604028971900263e-01
6.127554337240610494e-01
6.119770676362746853e-01
6.119745881430138645e-01
6.103579318968597178e-01
6.103189242158481020e-01
6.085259448562009288e-01
6.085097285693612523e-01
6.085008836148261269e-01
6.080667522859783958e-01
6.080618441468574886e-01
6.076796957770420615e-01
6.075247880392302680e-01
6.075184166124160123e-01
6.074478479939582343e-01
6.074414778645994550e-01
6.074052191741865503e-01
6.074037493006835264e-01
6.074037493006835264e-01
6.022809768601664615e-01
6.021683787424305656e-01
6.021669292021750719e-01
6.021669292021750719e-01
6.021669292021750719e-01
6.011960342871242036e-01
6.009320322617920374e-01
6.009320322617920374e-01
5.982697288485672171e-01
5.982587314554607127e-01
5.982572970368837950e-01
5.982472562619304268e-01
5.977808985480709270e-01
5.977808985480709270e-01
5.969876223478742805e-01
5.969804748381111192e-01
5.956187734516625865e-01
5.946548727757761110e-01
5.919821635352708888e-01
5.919727619913152106e-01
5.918604321650789979e-01
5.918566727653218340e-01
5.918566727653218340e-01
5.918566727653218340e-01
5.881820471262205752e-01
5.870597914345084822e-01
5.870565448868895198e-01
5.870468054178638040e-01
5.870468054178638040e-01
5.870027491727402014e-01
5.869957934112295383e-01
5.867584498139224447e-01
5.867584498139224447e-01
5.867561327689567729e-01
5.825327657903095480e-01
5.825327657903095480e-01
5.825291015322250354e-01
5.825291015322250354e-01
5.825268113898255384e-01
5.818294530665072406e-01
5.818166533248516625e-01
5.817942548713426199e-01
5.817919693931746794e-01
5.817905981132344140e-01
5.817823705432251247e-01
5.817540325739058993e-01
5.817485480631734429e-01
5.774449034827192628e-01
5.768033220262274163e-01
5.768001665999005212e-01
5.767988142828751608e-01
5.760963031933706846e-01
5.760918043803902044e-01
5.760823570580358988e-01
5.760697610179096317e-01
5.755119334939605702e-01
5.720644566145377530e-01
5.720608982155996891e-01
5.719457143981234726e-01
5.719443804425117239e-01
5.719443804425117239e-01
5.692953367805322351e-01
5.672711001525110319e-01
5.672675898992080024e-01
5.672662735632901798e-01
5.658619350386471236e-01
5.658597499479507409e-01
5.658553798075695029e-01
5.658370258150782206e-01
5.631676586478537860e-01
5.624130567791216784e-01
5.624087296985728068e-01
5.622460706301584121e-01
5.598878982886908995e-01
5.583226864710362225e-01
5.576101582155348346e-01
5.571193395769078460e-01
5.559176485293881864e-01
5.559023621014476113e-01
5.558412232128848718e-01
5.529580726024067028e-01
5.529547048781969787e-01
5.511493635328417184e-01
5.467053698237134274e-01
5.466859472657055186e-01
5.466615673453231183e-01
5.452670112560235038e-01
5.435350088633054133e-01
5.394642825244029272e-01
5.378233176220645895e-01
5.378140629255510063e-01
5.377738281312613999e-01
5.377694026033247310e-01
5.377621609583423945e-01
5.354593626358613578e-01
5.337646522272860850e-01
5.295269033902905154e-01
5.295178803868652029e-01
5.294896360855734230e-01
5.294782606033889838e-01
5.294613942433936682e-01
5.294594330956615691e-01
5.281203903065341265e-01
5.280290004407928173e-01
5.225038355199109752e-01
5.214901732655659039e-01
5.141209021956939518e-01
5.140715617748951027e-01
5.140581066424965151e-01
5.136808504014067633e-01
5.068487138427026917e-01
5.068355671989649425e-01
5.011726236905453824e-01
5.001922620348546733e-01
5.001894032355576059e-01
4.996756130903741155e-01
4.983855112285769939e-01
4.983780514305245490e-01
4.983517659858721083e-01
4.983389792961807063e-01
4.983372034097068859e-01
4.960436630198813424e-01
4.960436630198813424e-01
4.937856229033036892e-01
4.937803750941744951e-01
4.936992206643337489e-01
4.909969923459510110e-01
4.909942194720589570e-01
4.877315367690959191e-01
4.877281085681308692e-01
4.870644719572101433e-01
4.860377152914794330e-01
4.860366927068821008e-01
4.820172578307443390e-01
4.820051539975381827e-01
4.811534313191717094e-01
4.811534313191717094e-01
4.767307053706230091e-01
4.767274038096264155e-01
4.762523731074119193e-01
4.752885573509188499e-01
4.747503063363230913e-01
4.747493226540915878e-01
4.745683824462593736e-01
4.745464282582911308e-01
4.734260494820182186e-01
4.734169108757468325e-01
4.734152790124622201e-01
4.734136471584782235e-01
4.734126680505519880e-01
4.716148186528337227e-01
4.715849826328252226e-01
4.715733085183889672e-01
4.669656539511669591e-01
4.668556042122958272e-01
4.668540096043042320e-01
4.635960481322844440e-01
4.625642771153597455e-01
4.625636489567457321e-01
4.623084195656071982e-01
4.582751656050217948e-01
4.582736192915116691e-01
4.580019118933035815e-01
4.578866947809846488e-01
4.541540056195563779e-01
4.541509590459973933e-01
4.534800178724469610e-01
4.527849545779308871e-01
4.527085754066342838e-01
4.507058414752581621e-01
4.507043373599733949e-01
4.505070698011645614e-01
4.504986530395987954e-01
4.504962482986120675e-01
4.504691964333989995e-01
4.504646880518408669e-01
4.490387064368448478e-01
4.470245812475783231e-01
4.470239877540374551e-01
4.448576135288571654e-01
4.448567304627557006e-01
4.437290880064204690e-01
4.437208809675380894e-01
4.429333044289930910e-01
4.429227840793392712e-01
4.420874554804566370e-01
4.407893665481628087e-01
4.407826993057150644e-01
4.406589510313713709e-01
4.406569228537431382e-01
4.364449585622437455e-01
4.364441031645499569e-01
4.335061747033744362e-01
4.332069333635477082e-01
4.324698853600394410e-01
4.324690429347415321e-01
4.298609170974250770e-01
4.298581372856395966e-01
4.298581372856395966e-01
4.298275613400115436e-01
4.298220024679341167e-01
4.284775173986354324e-01
4.284775173986354324e-01
4.271730609011596402e-01
4.248727986340540275e-01
4.245513278940852286e-01
4.245513278940852286e-01
4.207037911811070119e-01
4.206984284761983717e-01
4.169090803740219120e-01
4.164868906887221334e-01
4.134083049966938428e-01
4.134030974644864465e-01
4.131896835104870158e-01
4.131844806049799201e-01
4.103086241771825016e-01
4.103086241771825016e-01
4.102983401638314875e-01
4.102957692282317437e-01
4.102957692282317437e-01
4.096000430139056236e-01
4.096000430139056236e-01
4.089088554034198686e-01
4.058680979197524241e-01
4.058655735326774372e-01
4.023994917502995428e-01
4.023994917502995428e-01
4.023994917502995428e-01
4.023970036105609660e-01
4.014261252453420470e-01
4.005801514718857481e-01
3.988628777585870866e-01
3.988628777585870866e-01
3.930950655615037537e-01
3.930807153061537940e-01
3.930807153061537940e-01
3.930783236830585614e-01
3.930759320845706450e-01
3.888787126678812101e-01
3.883251276713104994e-01
3.777692089227384087e-01
3.777692089227384087e-01
3.777535586728250627e-01
3.777468517602749487e-01
3.768210095259930115e-01
3.766518756734300033e-01
3.677261464884808428e-01
3.677026568045154709e-01
3.676941157360393286e-01
3.666673898999788239e-01
3.666503900995449761e-01
3.622153160855264287e-01
3.621029629387632065e-01
3.583140478605630341e-01
3.582262192953626911e-01
3.580119090679331761e-01
3.538033896397968503e-01
3.501949724969733446e-01
3.495615266255893694e-01
3.495419467304926586e-01
3.484932687111188532e-01
3.466396852742918422e-01
3.432010759957794255e-01
3.413899762451781394e-01
3.413241895686526806e-01
3.402820475378736109e-01
3.373282481781127995e-01
3.363986789896791230e-01
3.346326652968860116e-01
3.338569313877802758e-01
3.338225667666041563e-01
3.322250721408167018e-01
3.298579595210591742e-01
3.268370478728884754e-01
3.268178716370614967e-01
3.249117990068045025e-01
3.203741695731089356e-01
3.203505973230806325e-01
3.203472301055519389e-01
3.147256255144054160e-01
3.142837988565137519e-01
3.142821705084150041e-01
3.142724007296239241e-01
3.087194262873029782e-01
3.086925989500892697e-01
3.050138360111872005e-01
3.034572296472896613e-01
3.034541671919714356e-01
3.033975215769609268e-01
2.985664768001841107e-01
2.985664768001841107e-01
2.985396946405029506e-01
2.965283532737002514e-01
2.939969513752424546e-01
2.939955033864745659e-01
2.939940554103318560e-01
2.939781285059887006e-01
2.939708895089667706e-01
2.897641603639485863e-01
2.897627491284868184e-01
2.897627491284868184e-01
2.897246503831218956e-01
2.897204177381875745e-01
2.897048989793405971e-01
2.897006668467052015e-01
2.897006668467052015e-01
2.897006668467052015e-01
2.896978454859305274e-01
2.883547996714889705e-01
2.858118031924274938e-01
2.858104259974881822e-01
2.857443345316983407e-01
2.857429579155084109e-01
2.857415813111262581e-01
2.857415813111262581e-01
2.857223100895273649e-01
2.857195572467725597e-01
2.821077302492183136e-01
2.821063847113619016e-01
2.811539368260072558e-01
2.786134486311638292e-01
2.786134486311638292e-01
2.786121327387784397e-01
2.786042376180637992e-01
2.785923956877957020e-01
2.785923956877957020e-01
2.754380514757145404e-01
2.754367623382870112e-01
2.754328949909596869e-01
2.742143972553858777e-01
2.725659224623824817e-01
2.725659224623824817e-01
2.725659224623824817e-01
2.725659224623824817e-01
2.725583320789625175e-01
2.725583320789625175e-01
2.697621105183861667e-01
2.697583852823609574e-01
2.697559018431946454e-01
2.681356046531588322e-01
2.679674244591401244e-01
2.678018856463016406e-01
2.670439992352148795e-01
2.670379029991613584e-01
2.670342453782224568e-01
2.670342453782224568e-01
2.670342453782224568e-01
2.646494154731842685e-01
2.646458168084481755e-01
2.646458168084481755e-01
2.624457645942853690e-01
2.624422200518565229e-01
2.624386755962720419e-01
2.621954972108010429e-01
2.620528499493755548e-01
2.602705216383280895e-01
2.585687444277411373e-01
2.585664444469924494e-01
2.569985292810340050e-01
2.568518929370777193e-01
2.518471034485654236e-01
2.474143321810217400e-01
2.430933249134137608e-01
2.392842881124571386e-01
2.355982272674077282e-01
2.322476052635460975e-01
2.322466620402426629e-01
2.290862574859926781e-01
2.290816612595172053e-01
2.262758432012844101e-01
2.262749450861034073e-01
2.234868509505271439e-01
2.210360571505609606e-01
2.210326207932732656e-01
2.187790299118050896e-01
2.166160103211904053e-01
2.166077445959276593e-01
2.145098112479372765e-01
2.127512079114255161e-01
2.127496109254064793e-01
2.109651759792623427e-01
2.109628191733256275e-01
2.093571929630143047e-01
2.079132324163135426e-01
2.079132324163135426e-01
2.079132324163135426e-01
2.065133704939765003e-01
2.065103554944272557e-01
